87 89 
90 83 
43 28 
87 89 
90 83 
43 28 
87 89 
90 83 
87 89 
90 83 
87 89 
90 83 
87 89 
90 83 
87 89 
10 7 
87 89 
10 7 
87 89 
10 7 
87 89 
87 89 
87 89 
87 89 
26 42 
87 89 
87 89 
10 7 
87 89 
10 7 
87 89 
10 7 
78 58 
87 89 
10 7 
87 89 
87 89 
87 89 
26 42 
87 89 
10 7 
87 89 
87 89 
26 42 
87 89 
26 42 
87 89 
26 42 
87 89 
87 89 
6 14 
6 14 
6 14 
6 14 
87 89 
87 81 
6 14 
6 14 
6 14 
6 14 
6 14 
10 7 
68 56 
6 14 
50 56 
6 14 
10 7 
6 14 
6 14 
6 14 
90 83 
6 14 
26 42 
6 14 
26 42 
6 14 
6 14 
6 14 
87 81 
6 14 
6 14 
6 14 
6 14 
6 14 
37 21 
10 7 
6 14 
10 7 
6 14 
68 92 
10 7 
68 92 
6 14 
74 73 
6 14 
6 14 
6 14 
10 7 
6 14 
6 14 
10 7 
6 14 
89 81 
87 81 
90 83 
10 7 
87 81 
10 7 
90 83 
90 83 
87 81 
6 14 
6 14 
87 81 
10 7 
6 14 
10 7 
6 14 
87 89 
6 14 
87 89 
10 7 
6 14 
10 7 
6 14 
6 14 
89 81 
10 7 
6 14 
89 81 
10 7 
6 14 
89 81 
10 7 
6 14 
6 14 
6 14 
39 36 
6 14 
39 36 
10 7 
6 14 
6 14 
6 14 
6 14 
89 81 
90 83 
90 80 
10 7 
90 80 
71 37 
10 7 
71 37 
90 80 
90 80 
71 37 
90 80 
71 37 
71 37 
71 37 
71 37 
89 81 
71 37 
89 81 
71 37 
89 81 
90 83 
89 81 
10 7 
10 7 
10 7 
10 7 
10 7 
10 7 
10 7 
10 7 
89 81 
10 7 
10 7 
89 81 
10 7 
10 7 
10 7 
23 30 
10 7 
10 7 
89 81 
87 89 
10 7 
10 7 
10 7 
10 7 
10 7 
18 42 
10 7 
10 7 
10 7 
10 7 
10 7 
10 7 
10 7 
10 7 
10 7 
10 7 
10 7 
90 80 
10 7 
90 83 
23 30 
10 7 
28 36 
40 31 
21 76 
40 31 
10 7 
28 76 
43 76 
43 76 
43 76 
43 76 
43 76 
10 7 
43 76 
10 7 
10 7 
4 9 
4 9 
43 76 
2 3 
21 76 
21 76 
3 9 
2 10 
21 76 
10 9 
21 76 
2 3 
21 76 
2 3 
21 76 
2 3 
21 76 
2 3 
21 76 
2 3 
21 76 
2 3 
21 76 
21 76 
2 3 
21 76 
21 76 
2 3 
21 76 
21 76 
21 76 
21 76 
6 7 
6 7 
21 76 
21 76 
21 76 
21 76 
21 76 
21 76 
62 76 
2 3 
62 76 
62 76 
90 92 
90 92 
45 38 
85 87 
87 84 
39 21 
39 21 
45 38 
85 87 
39 21 
45 38 
85 87 
85 87 
6 7 
6 7 
6 7 
6 7 
6 7 
10 9 
10 9 
26 28 
6 7 
6 7 
6 7 
45 38 
6 7 
6 7 
6 7 
6 7 
6 7 
6 7 
2 4 
6 7 
6 7 
6 7 
6 7 
61 54 
6 7 
61 54 
6 7 
61 54 
61 54 
61 54 
90 83 
67 78 
67 66 
78 66 
87 89 
67 66 
78 66 
87 89 
87 89 
87 89 
87 89 
87 89 
87 89 
41 43 
85 84 
41 28 
85 84 
85 84 
41 43 
85 84 
41 43 
85 84 
41 43 
41 28 
85 84 
27 48 
31 48 
22 40 
85 84 
22 48 
85 84 
85 84 
37 43 
85 84 
37 43 
74 73 
74 73 
74 73 
16 48 
45 38 
16 48 
45 38 
45 38 
16 48 
74 73 
13 9 
1 9 
6 7 
6 7 
6 7 
54 56 
54 56 
6 7 
58 63 
10 9 
66 70 
10 9 
10 9 
35 74 
35 74 
89 92 
74 73 
74 73 
74 73 
41 26 
78 70 
10 9 
90 80 
4 80 
4 80 
74 73 
90 80 
90 80 
90 83 
90 83 
90 83 
90 83 
33 32 
67 58 
90 80 
39 26 
90 83 
90 83 
67 58 
67 58 
90 83 
67 58 
90 83 
90 83 
39 20 
39 36 
91 81 
91 81 
91 81 
26 29 
91 81 
91 81 
91 81 
91 81 
91 81 
91 81 
43 44 
91 81 
91 81 
63 76 
43 47 
43 47 
43 44 
2 10 
43 44 
43 44 
16 22 
91 81 
91 81 
91 81 
43 44 
43 44 
91 81 
91 81 
43 44 
43 44 
91 81 
91 81 
43 44 
43 44 
91 81 
43 44 
91 81 
91 81 
43 44 
43 44 
91 81 
34 33 
91 81 
91 81 
34 33 
43 44 
71 17 
43 44 
91 81 
43 44 
34 33 
87 89 
87 89 
87 89 
87 89 
87 89 
87 89 
87 89 
87 89 
87 89 
87 89 
91 81 
87 89 
91 81 
34 33 
87 89 
87 89 
87 89 
87 89 
34 33 
87 89 
87 89 
87 89 
87 89 
34 33 
87 89 
34 33 
87 89 
43 44 
34 33 
87 89 
87 89 
87 89 
87 89 
87 89 
87 89 
87 89 
87 89 
87 89 
87 89 
87 89 
91 81 
87 89 
87 89 
87 89 
87 89 
87 89 
87 89 
87 89 
87 89 
87 89 
87 89 
87 89 
87 89 
87 89 
87 89 
87 89 
87 89 
87 89 
87 89 
87 89 
87 89 
87 89 
87 89 
87 89 
87 89 
87 89 
87 89 
87 89 
87 89 
87 89 
87 89 
87 89 
87 89 
87 89 
87 89 
87 89 
87 89 
87 89 
87 89 
87 89 
87 89 
4 9 
4 10 
4 9 
4 10 
4 9 
87 89 
43 76 
87 89 
43 76 
66 80 
43 76 
87 89 
43 76 
87 89 
43 76 
87 89 
43 76 
87 89 
43 76 
87 89 
28 76 
43 76 
87 89 
43 76 
87 89 
43 76 
2 4 
87 89 
43 76 
2 4 
87 89 
43 76 
87 89 
43 76 
87 89 
43 76 
87 89 
87 89 
43 76 
43 76 
87 89 
43 76 
87 89 
43 76 
87 89 
43 76 
87 89 
87 89 
85 84 
87 89 
87 84 
87 89 
85 84 
87 89 
85 84 
85 84 
87 89 
87 89 
87 89 
87 89 
34 33 
87 89 
87 89 
87 89 
51 26 
87 89 
87 89 
2 13 
34 33 
87 89 
85 84 
87 89 
87 89 
87 89 
87 89 
7 9 
87 89 
13 9 
87 89 
74 73 
2 4 
87 89 
87 89 
87 89 
87 89 
87 89 
87 89 
74 73 
71 17 
74 73 
74 73 
71 17 
87 89 
87 89 
87 89 
87 89 
87 89 
23 42 
87 89 
23 42 
87 89 
34 33 
34 33 
34 33 
34 33 
41 34 
34 33 
18 36 
34 33 
34 33 
18 42 
18 51 
87 89 
87 89 
87 89 
78 58 
87 89 
78 58 
87 89 
87 89 
87 89 
87 89 
87 89 
87 89 
87 89 
87 89 
87 89 
87 89 
87 89 
87 89 
87 89 
87 89 
87 89 
87 89 
87 89 
87 89 
87 89 
38 91 
87 89 
87 89 
38 91 
87 89 
38 91 
87 89 
6 7 
64 70 
87 89 
38 91 
6 7 
64 70 
87 89 
38 91 
6 7 
64 70 
38 91 
87 89 
38 91 
38 91 
38 91 
38 91 
38 91 
38 91 
38 91 
38 91 
38 91 
38 91 
38 91 
71 76 
87 89 
38 91 
87 89 
87 89 
38 91 
87 89 
38 91 
38 91 
90 80 
90 80 
87 89 
87 89 
87 89 
87 89 
87 89 
87 89 
87 89 
87 89 
30 13 
78 56 
78 56 
59 56 
54 56 
76 56 
54 76 
41 26 
18 38 
38 87 
38 87 
34 33 
87 89 
38 89 
38 91 
34 33 
34 33 
34 33 
34 33 
34 33 
34 33 
34 33 
34 33 
34 33 
2 3 
34 33 
2 3 
34 33 
2 3 
2 3 
34 33 
34 33 
34 33 
34 33 
34 33 
28 29 
4 76 
47 76 
47 76 
58 47 
47 76 
58 76 
30 16 
30 16 
30 16 
74 73 
30 16 
30 16 
30 16 
20 30 
20 30 
20 30 
20 30 
20 30 
20 30 
20 30 
20 30 
20 30 
20 30 
20 30 
20 30 
20 30 
2 3 
20 30 
2 3 
20 30 
20 30 
2 3 
20 30 
20 30 
20 30 
20 30 
20 30 
20 30 
20 30 
61 54 
61 54 
78 63 
58 51 
75 74 
2 3 
2 4 
39 43 
2 3 
39 41 
62 76 
62 76 
62 76 
62 76 
62 76 
38 81 
91 81 
91 81 
29 48 
91 87 
1 13 
22 35 
43 47 
22 35 
43 47 
22 35 
23 30 
22 35 
87 88 
87 88 
23 30 
87 88 
87 88 
87 88 
23 30 
87 88 
87 88 
87 88 
87 88 
87 88 
91 81 
34 33 
34 33 
34 33 
87 88 
87 88 
87 88 
87 88 
87 88 
87 88 
87 88 
87 88 
87 88 
87 88 
87 88 
87 88 
87 88 
87 88 
87 88 
87 88 
87 88 
87 88 
87 88 
87 88 
39 41 
87 88 
87 88 
87 88 
87 88 
34 33 
87 88 
87 88 
34 33 
87 88 
87 88 
87 88 
87 88 
87 88 
87 88 
87 88 
87 88 
87 88 
34 33 
87 88 
34 33 
39 34 
20 34 
20 34 
91 81 
87 89 
87 89 
87 89 
1 4 
74 56 
87 89 
87 89 
87 89 
87 89 
87 89 
87 89 
87 89 
87 89 
83 81 
87 89 
87 89 
43 28 
43 28 
87 89 
87 89 
87 89 
91 83 
91 87 
87 89 
87 89 
87 89 
87 89 
13 9 
87 89 
13 9 
87 89 
13 9 
87 89 
87 89 
87 89 
87 89 
87 89 
87 89 
87 89 
87 89 
87 89 
87 89 
87 89 
87 89 
87 89 
87 89 
87 89 
87 89 
87 89 
87 89 
87 89 
87 89 
87 89 
87 89 
87 89 
87 89 
87 89 
87 89 
87 89 
87 89 
87 89 
87 89 
87 89 
87 89 
87 89 
87 89 
87 89 
87 89 
87 89 
38 26 
87 89 
87 89 
38 26 
87 89 
87 89 
34 33 
87 89 
34 33 
87 89 
87 89 
87 89 
87 89 
43 28 
87 89 
43 28 
43 28 
43 28 
43 28 
43 28 
43 28 
43 28 
87 89 
43 28 
43 28 
43 28 
34 33 
43 28 
43 28 
43 28 
43 28 
87 89 
43 28 
38 26 
43 28 
87 89 
43 28 
87 89 
43 28 
87 89 
43 28 
43 28 
87 89 
43 28 
87 89 
43 28 
34 33 
87 89 
43 28 
34 33 
62 64 
34 33 
43 28 
43 28 
87 89 
87 89 
87 89 
87 89 
43 28 
43 28 
43 28 
43 28 
87 89 
87 89 
43 28 
43 28 
43 28 
43 28 
39 41 
90 83 
43 28 
43 28 
39 41 
43 28 
39 41 
34 26 
39 41 
39 41 
39 41 
39 41 
43 28 
43 28 
43 28 
87 89 
87 89 
81 88 
87 89 
87 89 
87 89 
87 89 
75 55 
75 55 
43 28 
34 33 
2 13 
56 55 
34 33 
43 28 
43 28 
43 76 
22 35 
91 88 
91 88 
23 30 
91 88 
91 88 
91 88 
91 88 
91 88 
91 88 
91 88 
91 88 
