87 86 
87 86 
10 9 
10 9 
10 9 
87 86 
87 86 
87 86 
10 9 
10 9 
87 86 
87 86 
87 86 
90 80 
87 86 
18 53 
90 41 
53 52 
18 41 
53 52 
18 41 
18 41 
86 88 
86 88 
86 88 
86 88 
86 88 
86 88 
86 88 
86 88 
86 88 
86 88 
86 88 
86 88 
86 88 
86 88 
86 88 
86 88 
86 88 
86 88 
86 88 
86 88 
86 88 
86 88 
90 80 
86 88 
86 88 
86 88 
13 9 
13 9 
26 29 
26 29 
26 29 
26 29 
26 29 
91 80 
26 29 
91 80 
87 88 
18 41 
26 29 
87 88 
91 80 
18 41 
26 29 
87 88 
91 80 
18 41 
26 29 
91 80 
68 76 
26 29 
26 29 
26 29 
87 88 
26 29 
87 88 
26 29 
87 88 
67 69 
26 29 
87 88 
26 29 
87 88 
26 29 
26 29 
26 29 
26 29 
26 29 
26 29 
26 29 
79 9 
76 9 
26 29 
79 76 
26 29 
26 29 
26 29 
2 3 
2 3 
26 29 
26 29 
26 29 
26 29 
2 3 
26 29 
2 3 
26 29 
26 29 
26 29 
2 3 
2 3 
2 3 
53 91 
2 3 
2 3 
13 3 
2 3 
2 13 
2 3 
2 3 
20 34 
2 3 
5 9 
2 3 
2 3 
2 3 
13 3 
2 3 
13 3 
2 3 
2 13 
13 3 
2 3 
2 3 
2 3 
13 3 
2 3 
13 3 
2 3 
2 13 
13 3 
2 3 
13 3 
2 3 
13 3 
2 13 
2 13 
53 80 
13 3 
2 3 
2 13 
2 13 
78 10 
83 80 
2 3 
2 3 
2 3 
2 3 
2 3 
38 34 
38 34 
38 34 
38 34 
38 34 
87 86 
10 9 
16 31 
10 9 
87 86 
10 9 
10 9 
10 9 
18 17 
87 86 
87 86 
41 34 
41 34 
41 34 
41 27 
41 27 
41 27 
41 27 
41 27 
41 27 
41 27 
41 27 
41 27 
41 27 
41 27 
41 27 
41 27 
41 27 
41 27 
41 27 
41 27 
41 27 
41 27 
41 27 
41 27 
41 27 
63 5 
13 11 
27 31 
68 76 
68 76 
27 31 
27 31 
27 31 
27 31 
27 31 
27 31 
1 6 
27 31 
27 31 
91 92 
40 31 
37 27 
68 64 
68 64 
31 48 
89 86 
31 48 
87 88 
87 81 
77 69 
87 89 
87 89 
87 89 
87 89 
87 89 
87 89 
87 89 
78 28 
61 28 
61 78 
61 78 
2 3 
41 43 
2 3 
41 43 
90 83 
2 3 
41 43 
23 41 
41 43 
2 3 
2 3 
2 3 
41 43 
41 43 
2 3 
78 64 
78 64 
58 63 
2 3 
66 70 
66 64 
66 70 
1 15 
23 21 
66 70 
66 70 
66 70 
20 38 
23 49 
23 49 
23 49 
23 49 
23 49 
26 28 
23 28 
23 49 
26 28 
23 49 
26 28 
23 49 
26 28 
23 28 
88 80 
20 38 
88 80 
77 64 
20 38 
88 80 
77 64 
77 64 
53 77 
53 77 
43 36 
43 36 
43 36 
88 80 
53 77 
88 80 
53 64 
20 38 
88 80 
88 80 
88 80 
87 89 
41 15 
88 80 
88 80 
35 33 
88 80 
91 80 
88 80 
39 20 
88 80 
88 80 
88 80 
88 80 
82 32 
89 86 
88 80 
89 86 
88 80 
91 80 
88 80 
89 86 
88 80 
88 80 
3 14 
3 14 
88 80 
63 69 
63 69 
89 86 
89 86 
89 86 
38 77 
26 49 
26 49 
26 49 
26 49 
87 89 
26 49 
26 49 
26 49 
26 49 
26 49 
26 49 
26 49 
62 69 
87 89 
68 91 
52 3 
38 43 
26 49 
6 14 
68 82 
68 82 
77 64 
90 83 
90 83 
52 3 
2 3 
63 64 
2 3 
71 17 
71 17 
71 17 
52 10 
52 10 
66 10 
53 66 
66 76 
66 2 
66 13 
66 3 
66 2 
66 2 
66 2 
66 2 
66 2 
66 3 
2 3 
66 2 
66 3 
41 28 
2 3 
66 3 
66 2 
66 2 
66 3 
28 36 
66 2 
23 28 
66 2 
26 28 
66 2 
2 3 
2 22 
23 28 
66 29 
28 36 
2 43 
66 36 
26 28 
66 2 
66 3 
26 36 
2 26 
39 33 
39 2 
66 2 
66 3 
2 3 
66 3 
2 3 
2 3 
71 33 
41 35 
66 3 
2 3 
33 17 
2 3 
2 3 
87 86 
41 38 
41 38 
41 38 
41 38 
41 38 
77 64 
41 38 
41 38 
41 38 
41 38 
41 38 
41 38 
41 38 
41 38 
41 38 
41 38 
41 38 
41 38 
41 38 
41 38 
41 38 
10 6 
41 38 
41 38 
41 38 
41 38 
41 38 
41 38 
41 38 
41 38 
41 38 
41 38 
41 38 
41 38 
41 38 
87 89 
87 89 
87 89 
87 89 
2 3 
2 3 
2 3 
52 10 
6 14 
90 83 
90 83 
41 38 
64 69 
64 69 
64 69 
41 38 
41 38 
41 38 
41 38 
41 38 
77 64 
41 38 
41 38 
90 80 
81 88 
81 88 
81 88 
81 88 
81 88 
81 88 
81 88 
81 88 
81 88 
81 88 
81 88 
81 88 
81 88 
81 88 
81 88 
81 88 
13 3 
81 88 
81 88 
38 15 
38 15 
38 15 
38 15 
38 15 
38 15 
38 15 
92 81 
92 81 
87 81 
92 81 
92 81 
39 37 
39 37 
39 37 
39 37 
39 20 
39 20 
83 80 
39 20 
87 89 
37 43 
87 89 
37 43 
87 89 
87 89 
87 89 
35 33 
71 33 
35 33 
87 89 
87 89 
87 86 
78 56 
87 86 
35 33 
87 89 
87 89 
35 33 
92 81 
87 89 
92 81 
87 89 
89 86 
89 81 
87 89 
89 86 
87 89 
39 43 
39 43 
39 43 
41 47 
39 43 
41 47 
46 47 
37 43 
39 37 
39 43 
37 43 
39 37 
37 43 
39 37 
39 43 
39 37 
39 43 
39 37 
39 43 
39 37 
39 43 
39 37 
39 43 
2 3 
2 3 
58 73 
2 3 
53 3 
10 3 
10 3 
10 13 
13 3 
10 3 
10 13 
2 10 
10 3 
2 10 
10 3 
2 10 
10 3 
2 3 
2 10 
10 3 
2 10 
10 3 
53 10 
53 10 
53 3 
66 73 
10 3 
66 73 
66 73 
66 73 
66 73 
66 73 
77 64 
64 56 
77 69 
28 77 
73 70 
78 66 
78 66 
53 33 
23 71 
35 33 
23 33 
33 49 
23 35 
23 33 
23 33 
41 33 
41 49 
23 33 
23 41 
41 49 
41 33 
23 33 
23 41 
87 89 
87 89 
87 89 
89 86 
87 89 
30 43 
87 89 
27 30 
43 36 
30 36 
43 36 
27 43 
27 36 
39 36 
30 36 
30 43 
27 43 
43 36 
27 30 
27 36 
39 36 
39 43 
43 36 
27 43 
39 36 
39 43 
43 36 
27 43 
27 36 
91 80 
27 43 
37 36 
27 43 
43 36 
27 30 
43 36 
27 43 
30 36 
27 30 
27 43 
30 43 
27 30 
27 43 
27 43 
27 30 
27 43 
39 36 
39 43 
27 43 
27 43 
39 36 
27 43 
30 43 
39 27 
27 43 
39 36 
39 43 
30 43 
30 32 
27 30 
39 36 
27 43 
27 30 
30 43 
27 30 
30 43 
63 26 
30 43 
73 70 
73 56 
27 43 
27 30 
30 43 
27 30 
73 56 
30 43 
70 56 
27 30 
45 41 
27 30 
27 43 
43 36 
30 36 
54 76 
54 76 
27 43 
45 41 
54 69 
21 43 
27 21 
27 43 
39 27 
39 43 
39 27 
27 43 
39 43 
39 27 
27 43 
39 43 
30 43 
39 27 
43 36 
27 43 
39 36 
39 43 
43 36 
27 43 
30 43 
39 43 
43 36 
27 43 
43 49 
43 36 
27 36 
27 30 
43 36 
27 43 
27 36 
27 30 
27 43 
27 36 
30 43 
30 43 
27 43 
27 30 
87 89 
87 89 
23 19 
23 16 
23 19 
27 48 
23 30 
5 35 
45 41 
35 33 
45 41 
71 33 
79 73 
79 73 
79 73 
58 16 
79 73 
79 73 
79 73 
90 83 
79 73 
68 79 
79 73 
79 73 
91 83 
79 73 
91 83 
79 73 
38 26 
38 26 
79 73 
38 26 
68 76 
38 26 
78 28 
79 73 
79 73 
79 73 
79 73 
79 73 
79 73 
79 73 
79 73 
79 73 
5 28 
5 28 
79 73 
79 73 
41 37 
79 73 
87 89 
79 73 
79 73 
10 3 
10 3 
2 3 
89 86 
87 86 
39 21 
6 14 
81 80 
38 26 
68 66 
21 26 
68 77 
19 32 
68 86 
87 89 
53 69 
78 28 
77 64 
78 28 
68 81 
68 81 
68 81 
68 81 
53 64 
91 80 
53 64 
91 80 
68 81 
78 28 
68 81 
78 28 
12 10 
64 69 
64 69 
78 28 
5 28 
3 14 
78 5 
3 14 
91 92 
91 92 
3 14 
66 64 
66 64 
68 81 
66 64 
66 64 
3 14 
68 81 
87 89 
68 81 
68 81 
68 81 
28 31 
28 31 
28 31 
41 28 
89 92 
89 92 
68 81 
68 81 
68 81 
68 81 
68 81 
68 81 
68 81 
68 81 
38 26 
68 81 
87 86 
6 14 
6 14 
6 14 
87 86 
87 86 
68 81 
23 14 
68 81 
87 89 
41 38 
68 81 
68 81 
68 81 
68 81 
26 28 
1 10 
41 38 
1 13 
1 13 
68 81 
1 13 
68 81 
68 81 
87 89 
68 81 
68 81 
87 89 
31 48 
87 89 
68 81 
68 81 
68 81 
87 89 
68 81 
87 89 
68 81 
87 89 
41 38 
41 38 
41 38 
41 38 
41 38 
37 25 
41 38 
41 38 
41 38 
53 28 
68 81 
90 83 
53 28 
28 36 
28 36 
28 36 
28 36 
35 33 
35 33 
41 38 
5 14 
90 83 
33 29 
35 33 
33 29 
29 36 
41 38 
41 38 
92 88 
26 28 
33 36 
22 33 
5 56 
22 33 
87 89 
91 89 
26 29 
29 36 
26 29 
41 38 
26 29 
66 79 
41 38 
26 29 
66 73 
87 88 
41 38 
87 89 
1 12 
87 89 
71 37 
71 37 
26 36 
30 29 
45 33 
90 81 
90 81 
78 69 
78 69 
78 69 
78 69 
78 69 
87 86 
90 87 
78 69 
78 69 
66 73 
78 69 
66 73 
78 69 
63 5 
41 38 
71 17 
41 46 
87 89 
23 30 
87 89 
78 69 
78 69 
13 11 
45 41 
68 76 
78 69 
68 79 
87 89 
68 79 
13 11 
90 83 
78 69 
87 89 
87 89 
78 69 
41 38 
45 26 
78 69 
78 68 
68 69 
87 89 
68 69 
87 89 
78 68 
78 69 
87 89 
78 68 
87 89 
68 69 
68 69 
68 69 
78 68 
68 69 
78 68 
68 69 
78 68 
71 17 
68 69 
68 69 
12 10 
12 10 
12 10 
68 79 
68 79 
12 10 
68 79 
12 10 
12 10 
12 10 
12 10 
12 10 
71 17 
12 10 
12 10 
12 10 
12 10 
12 10 
12 10 
12 10 
87 89 
87 89 
87 89 
87 89 
87 89 
87 89 
87 89 
87 89 
87 89 
87 89 
87 89 
87 89 
87 89 
87 89 
87 89 
87 89 
87 89 
87 89 
87 89 
87 89 
87 89 
87 89 
87 89 
87 89 
87 89 
87 89 
71 37 
87 89 
87 89 
87 89 
87 89 
12 14 
87 89 
87 89 
87 89 
12 14 
12 14 
12 14 
12 14 
12 6 
12 14 
6 14 
12 6 
12 14 
12 6 
6 14 
12 6 
12 14 
12 6 
6 14 
6 14 
6 14 
12 6 
87 89 
12 6 
6 14 
12 6 
12 6 
23 30 
12 6 
12 6 
6 14 
12 6 
6 14 
6 14 
12 6 
6 14 
12 14 
12 6 
90 83 
12 6 
78 77 
83 81 
90 83 
90 83 
39 19 
39 3 
45 41 
45 41 
45 41 
45 41 
45 41 
