91 89 
10 7 
10 7 
87 89 
77 64 
4 9 
91 87 
90 83 
90 83 
90 83 
90 83 
87 89 
6 7 
78 63 
27 16 
78 63 
90 87 
13 6 
39 37 
39 37 
87 49 
34 33 
26 46 
70 56 
78 57 
28 36 
46 47 
59 60 
59 60 
59 60 
85 84 
85 84 
85 84 
89 88 
89 88 
89 88 
89 88 
87 88 
34 36 
20 15 
3 56 
4 76 
14 56 
14 56 
14 56 
10 7 
14 56 
34 28 
14 56 
14 56 
4 28 
14 56 
4 28 
14 56 
14 56 
14 56 
4 28 
4 28 
35 28 
35 28 
35 28 
35 28 
4 14 
35 28 
4 56 
35 28 
4 28 
35 28 
14 76 
35 28 
14 76 
35 28 
14 76 
35 28 
14 76 
14 76 
35 28 
14 76 
35 28 
14 76 
14 56 
14 56 
14 56 
29 76 
14 56 
14 56 
14 56 
2 3 
14 56 
2 3 
2 3 
14 56 
2 3 
35 28 
14 56 
35 28 
35 28 
35 28 
14 56 
14 56 
14 56 
35 28 
14 56 
14 56 
58 28 
35 28 
35 28 
35 28 
14 56 
35 28 
14 56 
45 38 
35 28 
14 56 
35 28 
14 56 
39 38 
14 56 
14 56 
34 26 
14 56 
34 26 
58 28 
34 26 
14 56 
58 28 
14 56 
51 28 
28 76 
4 76 
4 76 
4 76 
4 28 
14 56 
63 57 
46 47 
46 47 
20 76 
58 76 
87 89 
52 51 
4 46 
52 51 
34 26 
52 51 
52 51 
52 51 
52 51 
15 4 
52 51 
52 51 
52 51 
14 56 
52 51 
52 51 
14 56 
52 51 
89 88 
52 51 
52 51 
14 56 
52 51 
14 56 
52 51 
38 15 
52 51 
27 48 
38 15 
52 51 
23 30 
52 51 
35 28 
23 30 
52 51 
35 28 
23 30 
52 51 
23 30 
52 51 
87 48 
52 51 
52 51 
52 51 
52 10 
87 86 
87 88 
87 86 
52 29 
87 88 
87 86 
35 26 
26 36 
26 15 
38 15 
38 26 
38 15 
20 34 
20 84 
38 15 
20 34 
38 15 
20 34 
20 34 
20 34 
20 34 
20 34 
20 34 
20 34 
38 15 
38 15 
20 34 
20 34 
38 15 
38 15 
38 15 
38 15 
38 15 
38 15 
38 15 
38 15 
68 79 
68 79 
38 15 
38 15 
38 15 
38 15 
38 15 
59 60 
38 15 
59 60 
38 15 
2 3 
38 15 
59 18 
2 3 
59 60 
2 3 
59 60 
15 4 
38 4 
59 15 
59 60 
60 15 
59 60 
36 31 
36 31 
36 31 
14 56 
14 56 
14 56 
36 31 
14 56 
36 31 
78 58 
14 56 
78 58 
36 31 
14 56 
14 56 
78 58 
57 76 
78 58 
36 31 
14 56 
57 76 
78 58 
36 31 
14 56 
78 58 
36 31 
14 56 
14 56 
78 58 
14 56 
31 48 
57 76 
27 48 
78 58 
78 58 
38 16 
59 60 
59 60 
59 60 
58 63 
78 63 
58 63 
78 63 
78 63 
78 63 
78 58 
78 58 
78 58 
22 81 
27 16 
78 58 
78 58 
78 58 
85 87 
85 87 
78 58 
33 29 
68 76 
68 76 
85 87 
85 87 
27 16 
85 87 
60 57 
60 57 
60 57 
87 89 
60 57 
60 57 
87 89 
60 57 
23 30 
60 57 
60 57 
78 64 
60 57 
78 64 
60 57 
78 64 
89 86 
60 57 
89 86 
60 57 
89 86 
60 57 
89 86 
89 86 
89 86 
60 57 
89 86 
60 57 
89 86 
60 57 
89 86 
60 57 
60 57 
91 92 
89 86 
27 31 
27 16 
89 86 
27 31 
60 57 
60 57 
89 86 
60 57 
89 86 
60 57 
89 86 
60 57 
28 36 
60 57 
60 57 
91 92 
89 86 
60 57 
89 86 
60 57 
60 57 
34 33 
60 57 
60 57 
89 86 
60 57 
27 31 
60 57 
91 92 
60 57 
60 57 
60 57 
60 57 
89 86 
34 33 
89 86 
60 57 
89 86 
60 57 
89 86 
60 57 
89 86 
60 57 
89 86 
60 57 
89 86 
60 57 
89 86 
60 57 
18 38 
60 57 
89 86 
34 33 
89 86 
91 87 
89 86 
89 86 
89 86 
60 57 
85 84 
89 86 
85 84 
60 57 
85 84 
85 84 
76 56 
20 22 
87 89 
87 89 
83 80 
87 89 
87 89 
87 89 
87 89 
81 88 
84 80 
84 80 
84 81 
89 81 
41 36 
41 36 
41 36 
41 36 
41 36 
91 89 
41 36 
91 89 
41 36 
91 89 
41 36 
91 89 
41 36 
91 89 
41 36 
91 89 
41 36 
91 89 
91 89 
91 89 
41 36 
87 86 
91 89 
91 89 
91 89 
91 89 
91 89 
91 89 
91 89 
91 89 
91 89 
91 89 
91 89 
52 51 
28 36 
28 36 
28 36 
28 36 
52 36 
52 28 
35 36 
35 36 
35 36 
84 86 
87 89 
87 89 
84 89 
85 81 
85 81 
85 84 
85 84 
85 84 
41 15 
85 84 
41 15 
38 15 
28 36 
26 28 
26 36 
35 28 
26 28 
26 28 
85 84 
38 15 
38 15 
24 32 
13 14 
24 32 
87 86 
85 87 
85 87 
87 86 
87 86 
23 30 
41 34 
41 34 
41 34 
13 14 
41 34 
13 14 
13 14 
13 14 
41 34 
41 34 
41 34 
41 34 
41 34 
41 34 
41 34 
23 30 
24 32 
23 30 
78 76 
68 76 
23 30 
52 77 
89 86 
89 86 
24 32 
89 86 
89 86 
89 86 
24 32 
34 33 
68 76 
39 68 
39 68 
39 68 
39 68 
87 89 
87 86 
87 89 
24 32 
59 60 
24 32 
59 60 
57 54 
67 63 
57 54 
67 63 
57 54 
67 63 
23 30 
67 63 
23 30 
23 30 
23 30 
23 30 
23 30 
23 30 
23 30 
23 30 
87 89 
84 89 
23 30 
87 89 
35 28 
85 84 
23 30 
85 89 
85 84 
85 84 
23 30 
85 84 
23 30 
23 30 
23 30 
23 30 
23 30 
23 30 
23 30 
89 86 
89 86 
23 30 
89 86 
23 30 
89 86 
89 86 
89 86 
23 30 
89 86 
89 86 
89 86 
23 30 
89 86 
89 86 
23 30 
89 86 
89 86 
89 86 
38 15 
13 76 
13 76 
89 86 
13 76 
13 76 
13 76 
89 86 
13 76 
13 76 
13 76 
52 76 
13 76 
52 76 
89 86 
89 86 
89 86 
89 86 
89 86 
89 86 
52 51 
23 30 
23 30 
89 86 
89 86 
89 86 
89 86 
89 86 
89 86 
23 30 
89 86 
23 30 
24 32 
24 32 
89 86 
91 92 
91 81 
75 55 
91 81 
23 63 
68 76 
68 76 
68 76 
39 31 
91 81 
68 76 
68 76 
39 40 
39 40 
39 40 
39 40 
39 40 
39 40 
37 40 
39 37 
6 9 
39 31 
39 36 
40 31 
40 31 
36 40 
36 40 
40 31 
40 31 
40 31 
87 89 
40 31 
35 36 
87 89 
40 31 
40 31 
37 43 
40 31 
37 43 
37 43 
40 31 
2 6 
37 43 
37 43 
37 43 
23 30 
78 63 
37 43 
23 30 
41 49 
39 38 
41 49 
39 38 
23 30 
23 30 
23 30 
23 30 
90 83 
43 49 
23 30 
90 83 
41 43 
23 30 
50 10 
1 10 
50 10 
23 30 
50 10 
78 74 
23 30 
23 30 
16 40 
23 30 
90 83 
23 30 
23 30 
23 30 
90 83 
23 30 
13 76 
90 83 
13 76 
90 83 
23 30 
13 76 
90 83 
23 30 
13 76 
90 83 
13 76 
23 30 
90 83 
23 30 
90 83 
90 83 
90 83 
90 83 
90 83 
90 83 
90 83 
90 83 
23 30 
90 83 
90 83 
90 83 
90 83 
90 83 
90 83 
90 83 
68 76 
90 83 
90 83 
90 83 
90 83 
90 83 
90 83 
90 83 
90 83 
90 83 
90 83 
2 3 
90 83 
90 83 
2 3 
2 3 
2 3 
2 3 
2 3 
2 3 
2 3 
2 3 
2 3 
2 3 
2 3 
2 3 
90 83 
28 49 
2 3 
28 49 
2 3 
28 49 
2 3 
2 3 
90 83 
74 73 
2 3 
58 63 
2 3 
2 3 
2 3 
74 56 
2 3 
2 3 
74 56 
74 56 
74 56 
74 56 
83 80 
74 56 
10 9 
2 3 
74 56 
2 3 
10 9 
85 84 
85 84 
74 56 
10 9 
85 84 
74 56 
85 84 
74 56 
75 76 
37 49 
37 49 
10 73 
10 73 
74 56 
37 49 
74 56 
37 49 
74 56 
37 49 
74 56 
37 49 
37 49 
10 74 
37 49 
85 84 
85 84 
85 84 
90 83 
10 9 
2 3 
2 3 
2 3 
2 3 
2 3 
2 3 
2 3 
2 3 
2 3 
2 3 
6 9 
90 92 
39 38 
38 16 
90 50 
74 73 
39 38 
39 29 
39 29 
39 29 
90 83 
18 39 
37 43 
20 38 
38 15 
38 15 
90 87 
90 87 
20 15 
38 15 
20 15 
90 87 
66 70 
66 70 
66 70 
66 70 
66 70 
66 70 
1 14 
66 70 
66 70 
66 70 
66 70 
74 56 
66 70 
66 70 
66 70 
66 70 
90 87 
66 70 
90 87 
66 70 
66 70 
74 56 
90 87 
90 87 
20 15 
66 70 
90 87 
66 70 
90 87 
90 87 
74 56 
90 87 
20 15 
90 87 
90 87 
20 15 
74 56 
90 87 
38 15 
7 9 
74 56 
74 56 
74 56 
74 56 
74 56 
74 56 
20 15 
20 38 
20 38 
20 38 
18 39 
20 38 
20 38 
20 38 
20 38 
38 15 
38 15 
38 15 
38 15 
38 15 
38 15 
38 15 
38 15 
38 15 
38 15 
38 15 
38 15 
38 15 
30 32 
38 15 
38 15 
38 15 
38 15 
38 15 
87 89 
38 15 
87 89 
38 15 
87 89 
38 15 
2 3 
87 89 
38 15 
2 3 
87 89 
38 15 
38 15 
38 15 
38 15 
2 3 
38 15 
2 3 
38 15 
1 7 
38 15 
38 15 
2 3 
38 15 
2 3 
38 15 
2 3 
38 15 
2 3 
38 15 
2 3 
38 15 
2 3 
38 15 
2 3 
38 15 
2 3 
38 15 
38 15 
2 3 
38 15 
2 3 
38 15 
2 3 
2 3 
38 15 
2 3 
38 15 
2 3 
38 15 
38 15 
75 76 
2 3 
75 76 
75 76 
2 3 
2 3 
2 3 
2 3 
38 15 
38 15 
38 15 
68 76 
38 15 
68 76 
71 40 
38 15 
2 3 
2 3 
38 15 
2 3 
2 3 
2 3 
38 15 
38 15 
38 15 
38 15 
68 76 
38 15 
38 15 
38 15 
6 14 
38 15 
6 14 
38 15 
6 14 
38 15 
6 14 
38 15 
6 14 
38 15 
6 14 
38 15 
38 15 
38 15 
38 15 
38 15 
38 15 
38 15 
38 15 
38 15 
38 15 
68 75 
38 15 
68 75 
68 75 
68 75 
38 15 
68 75 
38 15 
38 15 
30 24 
3 14 
38 15 
68 75 
30 24 
3 14 
38 15 
30 24 
38 15 
68 75 
38 15 
38 15 
68 30 
38 15 
68 30 
30 24 
38 15 
38 15 
4 14 
38 15 
38 15 
38 15 
38 15 
38 15 
38 15 
38 15 
38 15 
38 15 
30 24 
38 15 
38 15 
38 15 
38 15 
38 15 
38 15 
38 15 
38 15 
2 3 
38 15 
38 15 
30 24 
2 3 
38 15 
2 3 
43 48 
38 15 
2 3 
38 15 
2 3 
38 15 
2 3 
38 15 
38 15 
38 15 
38 15 
38 15 
38 15 
38 15 
38 15 
2 3 
38 15 
2 3 
38 15 
38 15 
38 15 
38 15 
38 15 
87 89 
38 15 
38 15 
38 15 
38 15 
14 9 
38 15 
14 9 
14 9 
38 15 
14 9 
38 15 
14 9 
75 76 
14 9 
38 15 
75 76 
14 9 
75 76 
14 9 
38 15 
75 76 
38 15 
75 76 
7 14 
38 15 
7 14 
38 15 
38 15 
75 76 
38 15 
75 76 
38 15 
75 76 
38 15 
75 76 
75 76 
75 76 
75 76 
75 76 
75 76 
75 76 
75 76 
38 15 
38 15 
38 15 
38 15 
75 76 
75 76 
39 35 
38 15 
75 76 
38 15 
90 24 
87 89 
38 15 
75 76 
75 76 
38 15 
23 76 
38 15 
38 15 
38 15 
38 15 
38 15 
38 15 
24 48 
38 15 
38 15 
24 48 
38 15 
24 48 
92 81 
24 48 
24 48 
90 84 
16 56 
18 43 
39 21 
39 43 
84 21 
85 84 
78 66 
66 56 
78 66 
66 56 
78 56 
78 66 
66 56 
78 56 
39 43 
39 21 
66 56 
21 43 
78 56 
39 43 
66 56 
78 56 
66 56 
78 56 
66 56 
66 56 
66 56 
78 56 
66 56 
66 56 
66 56 
66 47 
78 66 
66 47 
66 28 
28 47 
78 74 
78 66 
66 28 
27 10 
85 87 
85 87 
4 7 
87 89 
66 73 
66 74 
78 66 
66 74 
66 74 
66 74 
78 66 
91 82 
66 74 
74 73 
78 66 
66 74 
78 66 
74 73 
66 74 
78 66 
66 74 
66 74 
78 66 
66 74 
78 66 
66 74 
78 66 
78 66 
66 74 
78 66 
66 74 
66 74 
74 73 
74 73 
38 26 
74 73 
61 54 
4 9 
61 54 
35 31 
35 31 
30 40 
23 30 
40 48 
24 28 
24 16 
24 16 
24 16 
24 16 
38 15 
7 70 
7 70 
7 70 
7 70 
39 43 
90 83 
39 43 
39 50 
7 70 
39 50 
39 43 
39 43 
39 43 
39 7 
39 43 
39 7 
39 43 
90 83 
38 15 
39 43 
39 43 
38 47 
38 7 
38 15 
38 15 
38 15 
38 15 
38 7 
90 80 
38 15 
39 43 
39 43 
39 43 
39 43 
38 24 
39 43 
38 24 
39 43 
38 24 
39 43 
38 24 
24 15 
24 15 
24 15 
24 15 
38 24 
24 15 
38 24 
24 15 
38 24 
24 15 
38 24 
24 15 
38 24 
38 15 
38 24 
38 15 
24 15 
90 83 
38 24 
38 15 
24 15 
24 15 
38 24 
90 83 
90 83 
38 24 
24 15 
90 83 
38 24 
38 15 
24 15 
38 24 
38 24 
38 15 
24 15 
38 24 
38 15 
24 15 
38 24 
38 15 
24 15 
38 24 
24 15 
38 15 
32 42 
38 24 
38 15 
24 15 
38 24 
38 15 
24 15 
32 42 
72 24 
38 15 
38 24 
24 15 
24 15 
38 24 
32 42 
38 15 
38 24 
24 15 
24 15 
38 24 
38 15 
24 15 
38 24 
38 24 
24 15 
38 24 
24 15 
38 24 
38 24 
38 24 
38 24 
24 15 
38 24 
38 24 
38 24 
24 15 
38 24 
24 15 
38 24 
24 15 
38 24 
38 24 
70 56 
66 3 
66 3 
41 36 
66 2 
2 3 
66 3 
66 2 
2 3 
66 3 
2 3 
38 15 
41 21 
66 3 
66 3 
41 31 
66 3 
41 31 
24 81 
66 3 
85 81 
85 24 
85 81 
85 81 
66 3 
66 3 
41 31 
66 3 
41 31 
66 3 
66 3 
66 3 
66 3 
66 3 
66 3 
66 3 
41 31 
66 3 
66 3 
66 3 
50 10 
58 74 
50 10 
58 74 
66 3 
66 3 
58 74 
50 10 
26 82 
90 83 
50 10 
41 38 
66 3 
90 26 
58 74 
66 3 
58 74 
66 3 
26 42 
66 3 
58 74 
66 3 
58 74 
10 7 
58 74 
66 3 
10 7 
66 3 
58 74 
90 81 
10 7 
90 81 
90 81 
90 81 
90 81 
90 81 
40 31 
83 81 
90 92 
10 7 
90 83 
10 7 
87 89 
90 83 
10 7 
90 83 
90 83 
90 83 
90 83 
90 83 
10 7 
90 83 
28 36 
10 7 
10 7 
28 36 
90 83 
28 36 
10 7 
28 36 
10 7 
28 36 
28 36 
28 36 
28 36 
28 36 
28 36 
28 36 
28 36 
28 36 
28 36 
28 36 
84 92 
28 36 
84 92 
10 7 
90 92 
90 83 
28 36 
28 36 
84 89 
28 36 
40 31 
28 36 
28 31 
40 31 
28 31 
26 42 
6 14 
28 36 
10 7 
16 40 
43 28 
43 28 
89 81 
43 28 
87 81 
87 89 
10 7 
43 28 
43 28 
90 80 
43 28 
87 89 
87 89 
87 89 
74 56 
90 83 
87 89 
87 89 
87 89 
10 7 
87 89 
87 89 
13 9 
87 89 
87 89 
87 89 
87 89 
87 89 
87 89 
87 89 
74 56 
87 89 
87 89 
74 56 
90 83 
87 89 
90 83 
