71 17 
10 9 
71 17 
43 28 
10 9 
27 31 
85 81 
91 83 
85 81 
85 81 
85 81 
85 81 
85 81 
85 81 
85 81 
85 81 
37 43 
61 56 
36 49 
36 49 
36 49 
35 36 
91 88 
91 88 
71 17 
71 17 
43 36 
27 31 
27 31 
30 43 
27 31 
6 9 
27 31 
27 31 
18 31 
18 31 
18 31 
18 31 
18 31 
18 31 
10 9 
18 31 
10 9 
10 9 
10 9 
90 80 
90 80 
90 80 
90 80 
90 80 
10 9 
90 80 
10 9 
10 9 
90 80 
90 80 
90 82 
61 54 
10 9 
85 89 
91 81 
85 89 
91 81 
85 89 
10 9 
91 81 
91 81 
85 89 
2 13 
85 89 
85 89 
89 88 
75 10 
89 88 
75 4 
1 10 
89 88 
2 13 
89 88 
85 84 
85 84 
4 9 
84 34 
90 83 
37 43 
89 88 
89 88 
89 88 
78 28 
78 28 
78 28 
78 28 
18 37 
18 37 
78 28 
78 28 
78 28 
60 57 
78 28 
58 60 
78 28 
60 57 
60 57 
78 28 
78 28 
78 28 
78 28 
78 28 
78 28 
60 57 
73 70 
60 57 
60 57 
60 57 
60 57 
73 70 
60 57 
60 57 
10 9 
60 57 
60 57 
60 57 
64 56 
60 57 
60 57 
60 57 
60 57 
60 57 
60 57 
60 57 
64 56 
60 57 
60 57 
60 57 
73 70 
60 57 
60 57 
64 56 
60 57 
60 57 
60 57 
60 57 
60 57 
60 57 
60 57 
73 70 
60 57 
90 83 
60 57 
60 57 
60 57 
60 57 
13 6 
2 3 
60 57 
60 57 
60 57 
2 3 
60 57 
2 3 
60 57 
60 57 
60 57 
60 57 
60 57 
4 10 
60 57 
60 57 
60 57 
60 57 
60 57 
60 57 
60 57 
60 57 
60 57 
60 57 
60 57 
60 57 
60 57 
60 57 
85 82 
85 82 
60 57 
85 82 
60 57 
60 57 
60 57 
60 57 
60 57 
60 57 
60 57 
60 57 
60 57 
60 57 
60 57 
60 57 
60 57 
60 57 
60 57 
60 57 
60 57 
60 57 
60 57 
60 57 
60 57 
60 57 
60 57 
60 57 
60 57 
60 57 
60 57 
60 57 
60 57 
60 57 
60 57 
60 57 
60 57 
60 57 
60 57 
60 57 
60 57 
60 57 
60 57 
60 57 
60 57 
60 57 
60 57 
60 57 
60 57 
60 57 
60 57 
60 57 
60 57 
60 57 
73 70 
60 57 
60 57 
60 57 
75 64 
60 57 
60 57 
60 57 
60 57 
60 57 
60 57 
60 57 
60 57 
60 57 
60 57 
60 57 
60 57 
60 57 
60 57 
60 57 
60 57 
60 57 
60 57 
60 57 
60 57 
60 57 
60 57 
60 57 
60 57 
60 57 
60 57 
60 57 
60 57 
60 57 
60 57 
60 57 
60 57 
60 57 
60 57 
60 57 
60 57 
60 57 
5 9 
60 57 
60 57 
60 57 
60 57 
60 57 
60 57 
60 57 
5 9 
60 57 
60 57 
60 57 
60 57 
60 57 
60 57 
5 6 
60 57 
60 57 
79 73 
60 57 
79 73 
60 57 
79 73 
60 57 
79 73 
79 73 
60 57 
60 57 
60 57 
60 57 
60 57 
60 57 
60 57 
60 57 
60 57 
60 57 
60 57 
60 57 
60 57 
60 57 
2 3 
2 3 
2 3 
2 3 
60 57 
60 57 
60 57 
60 57 
90 73 
60 57 
83 80 
34 13 
60 57 
60 57 
90 83 
60 57 
60 57 
60 57 
34 13 
34 13 
61 54 
34 13 
61 54 
60 57 
60 57 
22 26 
60 57 
60 57 
78 28 
34 13 
34 13 
60 57 
34 13 
60 57 
60 57 
34 13 
34 13 
60 57 
60 57 
34 13 
60 57 
34 13 
43 28 
18 26 
18 41 
18 41 
18 41 
21 34 
90 83 
34 26 
90 91 
90 34 
34 26 
34 26 
71 17 
71 17 
34 26 
34 26 
91 26 
71 21 
71 21 
71 21 
71 21 
71 21 
71 21 
58 66 
66 70 
66 70 
27 15 
20 47 
27 15 
66 15 
71 21 
27 15 
27 15 
15 46 
27 15 
46 47 
27 15 
66 15 
66 47 
66 46 
31 49 
31 49 
31 49 
20 28 
89 88 
91 89 
89 88 
89 88 
79 28 
34 28 
79 28 
58 34 
34 79 
79 28 
34 28 
51 28 
2 10 
79 29 
58 36 
2 10 
34 79 
71 21 
71 21 
10 3 
71 21 
58 28 
71 21 
79 28 
79 28 
58 79 
20 34 
89 88 
34 89 
89 88 
89 88 
89 88 
91 88 
71 21 
71 17 
41 43 
41 43 
41 43 
41 43 
41 43 
41 43 
41 43 
41 43 
46 47 
41 43 
41 43 
41 43 
67 57 
41 43 
41 43 
41 43 
20 36 
41 43 
41 43 
28 29 
43 28 
28 29 
38 26 
39 36 
28 29 
67 57 
28 29 
28 29 
67 78 
28 29 
39 36 
28 29 
58 34 
28 29 
28 29 
58 34 
58 34 
58 34 
58 34 
58 34 
31 49 
31 49 
31 49 
31 49 
30 16 
22 49 
28 49 
23 30 
28 31 
22 31 
23 30 
23 30 
23 30 
23 30 
27 32 
27 32 
22 31 
27 32 
22 31 
28 31 
28 31 
36 49 
22 49 
22 49 
22 49 
35 29 
35 29 
22 49 
22 49 
31 49 
60 73 
22 49 
63 64 
22 49 
22 49 
10 3 
10 3 
10 3 
2 10 
2 10 
2 10 
22 49 
90 91 
91 83 
60 73 
68 73 
31 49 
23 30 
23 30 
4 7 
4 7 
27 46 
66 33 
66 17 
20 38 
71 17 
20 33 
10 13 
23 30 
10 13 
23 30 
10 13 
23 30 
10 13 
10 9 
91 80 
91 80 
90 83 
90 91 
90 91 
91 83 
90 91 
91 80 
23 30 
90 91 
90 83 
91 80 
90 91 
27 46 
91 80 
27 46 
27 46 
23 30 
27 46 
27 46 
27 46 
27 46 
68 82 
68 82 
68 82 
27 46 
78 5 
90 92 
78 5 
27 46 
78 5 
27 46 
78 5 
78 5 
78 5 
2 13 
27 46 
90 36 
27 46 
27 46 
10 76 
27 46 
10 76 
27 46 
10 76 
27 46 
10 13 
27 46 
27 46 
4 76 
27 46 
4 76 
4 76 
27 46 
4 76 
27 46 
78 5 
4 76 
27 46 
78 5 
4 76 
27 46 
13 76 
13 76 
13 76 
2 76 
78 5 
13 76 
2 76 
78 5 
78 5 
78 5 
13 76 
26 88 
89 88 
89 88 
89 88 
89 88 
89 88 
89 88 
90 80 
89 88 
89 88 
90 80 
89 88 
27 46 
89 88 
27 46 
63 56 
27 46 
68 81 
27 46 
68 81 
27 46 
82 81 
82 81 
82 81 
82 81 
78 5 
82 81 
82 81 
82 81 
78 63 
84 92 
78 63 
78 63 
78 63 
78 63 
78 63 
78 63 
78 63 
78 5 
63 5 
78 5 
63 5 
63 5 
78 63 
63 5 
84 92 
63 5 
84 92 
63 5 
63 5 
63 5 
63 5 
63 5 
63 5 
63 5 
71 37 
78 5 
78 5 
84 92 
63 5 
63 5 
84 92 
63 5 
63 5 
63 5 
63 5 
78 63 
78 5 
63 5 
78 63 
63 5 
78 63 
63 5 
63 5 
63 5 
63 5 
78 5 
63 5 
10 9 
63 5 
84 92 
84 92 
84 92 
84 92 
78 5 
63 5 
78 5 
63 5 
78 5 
23 30 
34 33 
34 33 
27 31 
68 64 
27 31 
68 81 
68 81 
68 81 
68 82 
84 92 
38 26 
81 80 
81 80 
71 37 
26 29 
13 9 
71 37 
71 37 
4 13 
4 13 
71 37 
71 37 
26 36 
85 84 
13 76 
85 84 
13 76 
10 9 
26 29 
85 84 
10 9 
26 29 
26 29 
26 29 
85 84 
26 29 
85 84 
29 36 
13 76 
13 76 
26 29 
4 7 
13 76 
85 84 
4 7 
85 84 
4 6 
81 80 
4 7 
85 84 
4 6 
81 80 
85 84 
81 80 
4 7 
6 7 
85 84 
6 7 
6 7 
6 7 
6 7 
81 80 
10 9 
26 29 
6 7 
6 7 
6 7 
6 7 
6 7 
6 7 
71 37 
6 7 
58 56 
58 56 
6 7 
58 56 
58 56 
6 7 
58 56 
6 7 
58 56 
6 7 
58 56 
6 7 
6 7 
6 7 
58 56 
27 31 
27 31 
20 85 
90 80 
20 85 
71 37 
90 80 
71 37 
20 85 
90 80 
71 37 
20 85 
71 37 
71 37 
20 85 
71 37 
20 85 
20 85 
20 85 
20 85 
43 28 
85 81 
43 28 
85 81 
7 9 
7 9 
85 81 
43 28 
7 9 
20 85 
7 9 
20 85 
7 9 
20 85 
7 9 
20 85 
43 28 
7 9 
20 85 
85 81 
20 85 
85 81 
20 85 
85 81 
20 85 
85 81 
20 85 
85 81 
68 84 
85 81 
68 84 
20 85 
85 81 
20 85 
85 81 
20 85 
85 81 
20 85 
2 7 
20 85 
83 80 
20 85 
85 81 
83 80 
20 85 
85 81 
20 85 
85 81 
20 85 
85 81 
20 85 
71 37 
85 81 
20 85 
85 81 
20 85 
85 81 
20 85 
20 85 
20 85 
20 85 
26 28 
20 85 
20 85 
20 85 
85 81 
85 81 
85 81 
85 81 
85 81 
85 81 
20 81 
85 81 
20 85 
85 81 
89 86 
85 81 
89 86 
85 81 
89 86 
85 81 
89 86 
85 81 
85 81 
85 81 
85 81 
89 86 
89 86 
20 85 
20 85 
89 86 
41 15 
41 15 
41 38 
38 15 
41 38 
41 38 
41 38 
41 38 
41 38 
41 38 
41 38 
41 38 
41 38 
41 38 
41 38 
41 38 
41 38 
41 38 
41 38 
41 38 
41 38 
41 38 
41 38 
41 38 
90 85 
90 80 
90 80 
90 80 
90 80 
38 15 
38 15 
38 15 
1 9 
90 83 
90 83 
38 15 
90 83 
90 83 
89 86 
89 86 
89 86 
78 56 
78 56 
78 56 
78 56 
89 86 
89 86 
23 30 
23 30 
39 37 
23 30 
23 30 
23 30 
23 30 
23 30 
23 30 
23 30 
23 30 
34 33 
34 33 
23 30 
23 30 
23 30 
23 30 
23 30 
23 30 
23 30 
23 30 
23 30 
81 80 
90 83 
90 83 
90 80 
