41 28 
41 28 
41 28 
41 28 
41 28 
41 28 
27 22 
41 28 
41 28 
41 28 
41 28 
41 28 
41 28 
41 28 
41 28 
41 28 
41 28 
41 28 
41 28 
41 28 
41 28 
68 82 
41 28 
41 28 
41 28 
41 28 
41 28 
41 28 
41 28 
41 28 
41 28 
41 28 
41 28 
68 82 
41 28 
41 28 
41 28 
41 28 
41 28 
41 28 
41 28 
41 28 
41 28 
41 28 
41 28 
41 28 
41 28 
41 28 
68 82 
41 28 
68 82 
41 28 
41 28 
68 82 
41 28 
41 28 
41 28 
41 28 
41 28 
68 82 
41 28 
41 28 
41 28 
41 28 
41 28 
41 28 
41 28 
68 64 
68 64 
68 64 
68 64 
41 28 
41 28 
41 28 
41 28 
41 28 
41 28 
41 28 
41 28 
41 28 
41 28 
41 28 
41 28 
41 28 
41 28 
5 14 
41 28 
41 28 
77 64 
77 64 
90 83 
90 83 
5 3 
20 34 
64 69 
58 9 
20 9 
89 83 
64 69 
64 69 
46 47 
64 69 
77 69 
22 28 
22 28 
22 28 
22 28 
90 83 
90 83 
90 83 
77 69 
64 69 
90 83 
90 83 
22 26 
90 83 
22 28 
22 26 
90 83 
22 28 
90 83 
90 83 
90 83 
90 83 
90 83 
90 83 
22 28 
90 83 
90 83 
22 26 
22 28 
90 83 
26 28 
90 83 
22 28 
90 83 
90 83 
90 83 
22 28 
90 83 
10 3 
90 83 
10 3 
90 83 
10 3 
90 83 
10 3 
90 83 
90 83 
22 26 
22 26 
90 83 
22 26 
90 83 
22 26 
90 83 
22 26 
90 83 
22 26 
90 83 
23 10 
10 3 
22 26 
90 83 
22 26 
90 83 
22 26 
90 83 
22 26 
90 83 
22 26 
90 83 
22 26 
90 83 
3 14 
90 83 
90 83 
90 83 
23 35 
41 26 
90 83 
23 35 
90 83 
23 35 
10 3 
89 88 
87 86 
23 35 
89 88 
90 83 
23 31 
8 9 
67 29 
10 3 
90 83 
90 83 
10 3 
90 83 
27 33 
10 3 
90 83 
82 49 
90 83 
23 31 
90 83 
58 87 
90 83 
54 8 
39 20 
90 83 
90 83 
90 83 
87 89 
23 31 
23 31 
22 26 
90 83 
90 83 
23 35 
23 35 
23 31 
22 26 
90 83 
22 26 
23 31 
22 26 
90 83 
22 26 
90 83 
22 26 
90 83 
22 26 
90 83 
22 26 
90 83 
22 26 
90 83 
22 26 
90 83 
90 83 
90 83 
90 53 
43 28 
90 53 
90 53 
27 35 
90 53 
90 53 
90 83 
27 46 
90 53 
23 44 
90 53 
23 44 
27 46 
90 83 
90 53 
90 83 
90 53 
90 83 
90 53 
90 83 
27 46 
90 53 
90 83 
27 46 
90 53 
90 83 
27 46 
90 53 
22 34 
90 83 
90 53 
27 46 
22 34 
27 46 
27 46 
90 53 
27 46 
27 46 
90 83 
27 46 
90 53 
90 83 
27 46 
90 53 
90 83 
38 15 
27 46 
90 53 
90 83 
90 53 
90 83 
90 53 
90 53 
90 83 
90 53 
90 83 
90 53 
90 83 
27 46 
90 53 
90 83 
58 28 
27 46 
90 53 
90 83 
27 46 
90 53 
90 83 
89 86 
27 46 
90 53 
90 83 
87 89 
27 46 
90 53 
90 83 
27 46 
90 53 
27 46 
90 53 
90 83 
27 46 
90 53 
34 26 
27 46 
90 53 
90 83 
87 89 
27 46 
34 28 
27 46 
34 28 
53 34 
41 43 
68 82 
41 43 
68 82 
41 43 
34 73 
68 82 
90 83 
41 43 
68 82 
77 64 
90 83 
90 83 
90 83 
90 83 
77 64 
90 83 
90 83 
23 31 
90 83 
23 43 
23 31 
90 83 
23 43 
90 83 
90 83 
90 83 
90 83 
10 3 
41 15 
38 16 
38 16 
77 64 
90 92 
77 64 
90 92 
77 64 
90 92 
77 64 
77 64 
63 77 
10 77 
77 64 
63 77 
87 86 
87 86 
87 86 
77 64 
72 76 
43 28 
58 77 
58 77 
10 9 
3 76 
3 76 
3 76 
3 76 
3 76 
10 9 
3 76 
13 76 
3 76 
13 76 
3 76 
13 76 
3 76 
13 3 
77 64 
77 64 
84 74 
13 3 
77 69 
33 49 
28 29 
77 69 
79 77 
79 77 
79 77 
28 29 
79 77 
28 29 
28 29 
28 29 
28 29 
64 69 
28 29 
69 70 
64 70 
28 29 
28 29 
28 29 
28 29 
28 29 
87 86 
64 70 
28 29 
28 29 
28 29 
28 29 
10 76 
77 64 
77 64 
76 55 
76 55 
76 55 
76 55 
76 55 
28 29 
28 29 
76 55 
28 29 
76 55 
28 29 
28 29 
28 29 
58 69 
76 55 
28 29 
28 29 
34 9 
28 29 
84 92 
27 46 
84 92 
27 46 
34 9 
41 10 
41 10 
41 10 
27 31 
87 89 
16 22 
87 89 
87 89 
27 31 
87 89 
27 31 
87 89 
90 83 
87 89 
90 83 
87 89 
87 89 
87 89 
76 55 
87 89 
12 10 
12 10 
90 83 
90 83 
27 31 
27 31 
27 31 
27 31 
27 31 
1 11 
87 89 
27 31 
87 89 
10 9 
90 83 
87 84 
90 83 
27 31 
75 55 
75 55 
63 64 
16 22 
67 56 
27 16 
27 16 
67 77 
67 77 
67 77 
67 77 
16 22 
67 77 
16 22 
67 77 
61 56 
67 77 
67 77 
43 28 
67 64 
67 64 
43 28 
43 28 
43 28 
43 28 
43 28 
43 28 
43 28 
43 28 
27 46 
35 28 
75 55 
28 31 
87 89 
75 55 
35 31 
28 29 
41 29 
35 31 
41 26 
41 26 
26 31 
26 31 
26 31 
26 29 
26 31 
87 89 
26 31 
26 29 
26 31 
26 31 
26 31 
26 29 
26 31 
26 29 
91 83 
26 31 
26 31 
26 31 
26 29 
28 29 
26 29 
26 29 
26 29 
87 89 
26 29 
26 29 
26 29 
87 86 
26 31 
26 29 
87 86 
26 29 
26 29 
26 31 
26 29 
26 31 
26 29 
26 31 
26 29 
26 31 
26 31 
26 31 
26 29 
26 31 
26 29 
26 31 
26 29 
27 46 
26 29 
26 31 
29 31 
27 46 
29 31 
29 31 
26 29 
26 29 
87 89 
87 89 
87 89 
87 89 
87 89 
87 89 
87 89 
87 89 
87 89 
87 89 
87 89 
87 89 
13 11 
87 89 
87 89 
87 89 
87 89 
87 89 
87 89 
72 54 
10 9 
87 89 
10 9 
10 9 
10 9 
10 9 
10 9 
10 9 
10 9 
10 9 
10 9 
10 9 
87 89 
87 89 
87 89 
5 9 
10 9 
5 9 
87 89 
87 89 
87 89 
87 89 
87 89 
87 89 
87 89 
87 89 
87 89 
87 89 
1 9 
87 48 
89 86 
87 89 
87 89 
87 89 
45 26 
87 89 
45 26 
45 26 
45 26 
87 89 
45 26 
45 26 
87 89 
87 89 
87 89 
43 28 
87 89 
87 89 
87 89 
87 89 
43 25 
87 89 
87 89 
87 89 
87 89 
87 89 
87 89 
87 89 
87 89 
87 89 
87 89 
87 89 
87 89 
87 89 
87 89 
87 89 
43 28 
87 89 
87 89 
43 28 
87 89 
87 89 
45 41 
87 89 
45 41 
87 89 
45 41 
87 89 
45 41 
45 41 
45 41 
87 89 
45 41 
45 41 
45 41 
45 41 
45 41 
87 89 
90 83 
87 89 
87 89 
87 89 
90 83 
90 83 
87 89 
87 89 
87 89 
87 89 
87 89 
87 89 
87 89 
87 89 
87 89 
87 89 
87 89 
87 89 
87 89 
87 89 
87 89 
87 89 
3 14 
67 77 
84 89 
87 89 
84 89 
87 84 
87 84 
87 92 
27 22 
84 89 
87 92 
87 84 
84 89 
87 84 
84 89 
84 89 
87 84 
87 84 
87 84 
84 86 
38 15 
38 15 
38 15 
25 28 
84 86 
38 15 
84 86 
84 86 
84 86 
84 86 
25 28 
87 84 
84 86 
87 84 
87 84 
87 84 
87 84 
79 74 
20 74 
27 46 
27 46 
82 81 
82 81 
68 81 
68 82 
68 81 
68 82 
68 82 
82 81 
82 81 
89 81 
89 81 
39 37 
39 37 
18 27 
20 38 
20 38 
52 14 
20 38 
6 14 
20 38 
20 38 
13 14 
20 38 
20 38 
20 38 
20 38 
20 38 
20 38 
20 38 
14 76 
20 38 
14 76 
20 38 
20 38 
20 38 
39 37 
39 37 
20 38 
37 27 
18 39 
39 37 
20 38 
39 37 
20 38 
6 14 
6 14 
18 27 
20 38 
6 14 
18 27 
18 27 
39 37 
39 37 
39 37 
27 46 
39 37 
39 37 
39 37 
39 37 
10 9 
39 37 
52 10 
2 10 
27 22 
18 36 
27 16 
18 36 
27 16 
18 36 
18 36 
18 36 
83 80 
13 14 
14 9 
78 9 
5 2 
78 69 
78 77 
91 54 
78 77 
2 13 
91 80 
78 69 
72 13 
2 76 
2 76 
13 76 
2 13 
54 76 
2 11 
2 13 
2 13 
2 13 
2 13 
2 13 
72 2 
79 11 
2 13 
79 11 
79 76 
2 13 
2 13 
52 14 
2 13 
2 13 
2 13 
72 2 
2 13 
79 11 
79 76 
86 88 
86 88 
86 88 
78 69 
86 88 
86 88 
72 2 
79 76 
87 80 
79 76 
76 11 
79 76 
87 82 
76 11 
52 14 
79 76 
52 14 
35 26 
79 76 
52 14 
35 26 
52 14 
13 76 
52 14 
52 14 
35 26 
52 14 
52 14 
52 14 
52 14 
52 14 
72 2 
52 14 
72 2 
52 14 
52 14 
52 14 
35 26 
52 14 
72 2 
72 2 
52 14 
72 2 
52 14 
52 14 
52 14 
52 14 
52 14 
35 26 
52 14 
52 14 
52 14 
35 26 
52 14 
52 14 
52 14 
45 38 
45 38 
79 76 
52 34 
3 14 
6 14 
3 14 
79 11 
6 14 
6 14 
67 60 
67 60 
87 86 
45 38 
79 76 
79 76 
10 9 
10 9 
10 9 
76 11 
53 52 
72 2 
53 52 
72 2 
6 14 
6 14 
76 11 
76 11 
53 10 
76 11 
27 16 
45 38 
45 38 
72 2 
45 38 
6 14 
2 13 
79 11 
79 76 
2 76 
72 76 
2 13 
2 13 
45 38 
45 38 
45 38 
45 38 
45 38 
6 14 
45 38 
1 76 
2 13 
6 14 
3 14 
67 78 
71 37 
71 37 
71 37 
39 20 
71 37 
52 14 
71 37 
71 37 
71 37 
41 53 
71 37 
71 37 
59 60 
53 14 
71 37 
71 37 
71 37 
71 37 
71 37 
71 37 
71 37 
71 37 
71 37 
87 86 
71 37 
71 37 
71 37 
71 37 
71 37 
71 37 
71 37 
71 37 
71 37 
71 37 
71 37 
71 37 
71 37 
71 37 
71 37 
71 37 
71 37 
71 37 
71 37 
71 37 
71 37 
71 37 
71 37 
71 37 
71 37 
71 37 
71 37 
71 37 
45 38 
76 11 
14 11 
76 11 
76 11 
71 37 
76 11 
71 37 
71 37 
71 37 
71 37 
71 37 
71 37 
27 16 
27 16 
27 16 
27 16 
14 11 
27 16 
71 37 
27 16 
71 37 
71 37 
71 37 
71 37 
71 37 
71 37 
71 37 
71 37 
71 37 
71 37 
71 37 
14 11 
71 37 
71 37 
2 3 
71 37 
71 37 
71 37 
71 37 
71 37 
71 37 
71 37 
2 3 
71 37 
59 60 
71 37 
71 37 
59 60 
71 37 
71 37 
2 3 
90 80 
35 49 
2 3 
35 49 
35 49 
2 3 
2 3 
2 3 
35 49 
2 3 
35 49 
2 3 
35 49 
2 3 
71 37 
35 49 
2 3 
71 37 
71 37 
71 37 
71 37 
71 37 
71 37 
71 37 
14 11 
27 16 
71 37 
71 37 
71 37 
71 37 
27 16 
71 37 
71 37 
16 22 
16 22 
71 37 
71 37 
10 9 
71 37 
71 37 
14 11 
71 37 
71 37 
71 37 
71 37 
71 37 
90 83 
71 37 
34 33 
87 82 
71 37 
71 37 
71 37 
71 37 
71 37 
71 37 
90 80 
90 80 
90 83 
91 87 
87 88 
67 78 
67 78 
67 78 
57 77 
78 54 
78 54 
78 54 
67 54 
59 58 
28 36 
58 36 
28 36 
29 36 
77 69 
77 69 
77 69 
77 69 
58 28 
77 69 
28 36 
77 69 
77 69 
77 69 
77 69 
77 69 
90 92 
90 83 
90 80 
83 80 
20 76 
90 83 
90 80 
90 83 
90 80 
83 80 
90 80 
90 80 
10 9 
2 10 
90 80 
10 76 
90 80 
20 34 
20 34 
20 34 
20 34 
90 83 
20 34 
20 34 
20 34 
20 34 
90 80 
87 86 
87 86 
87 86 
90 80 
90 80 
90 80 
90 80 
90 83 
90 80 
90 83 
90 83 
18 41 
18 41 
78 10 
59 60 
59 60 
59 60 
59 57 
90 80 
87 86 
90 83 
10 3 
90 83 
90 83 
90 80 
90 80 
77 69 
36 9 
28 9 
36 69 
36 3 
28 69 
28 77 
60 36 
77 69 
10 3 
3 9 
54 3 
72 54 
90 80 
59 60 
34 88 
34 88 
90 80 
34 88 
90 83 
90 83 
90 83 
68 77 
68 77 
68 77 
68 77 
68 77 
90 53 
90 53 
90 53 
90 53 
90 83 
90 80 
83 80 
90 53 
90 83 
90 80 
90 53 
90 53 
53 80 
90 53 
53 80 
90 80 
90 53 
90 80 
26 29 
90 53 
90 80 
90 80 
90 80 
90 53 
90 80 
53 80 
90 53 
90 80 
90 80 
90 80 
90 80 
90 80 
90 53 
10 3 
90 80 
57 56 
57 56 
67 69 
53 52 
53 52 
53 52 
53 10 
53 52 
90 53 
28 36 
83 80 
90 80 
83 80 
90 80 
90 53 
90 80 
53 80 
83 80 
90 83 
18 41 
90 80 
90 83 
90 80 
18 41 
18 34 
90 80 
83 92 
20 34 
87 86 
20 34 
87 86 
87 86 
87 86 
59 60 
90 80 
87 86 
87 86 
90 80 
90 80 
82 86 
90 84 
90 84 
87 86 
86 92 
87 83 
90 87 
83 80 
87 86 
87 86 
87 86 
18 39 
18 39 
18 39 
18 39 
87 86 
87 86 
87 86 
90 87 
18 39 
18 39 
18 39 
90 84 
18 39 
18 39 
18 39 
18 39 
18 39 
90 88 
90 88 
18 39 
90 91 
90 88 
18 39 
18 39 
45 26 
18 39 
18 39 
87 86 
18 39 
87 86 
67 69 
87 86 
87 86 
87 86 
87 86 
87 86 
87 86 
87 86 
87 86 
87 86 
87 86 
87 86 
18 39 
87 86 
10 56 
18 39 
87 80 
87 80 
18 39 
87 80 
87 80 
10 9 
18 39 
18 39 
87 80 
87 80 
90 83 
90 83 
90 83 
87 86 
90 83 
90 83 
87 86 
87 86 
79 76 
87 86 
53 80 
87 86 
87 86 
79 76 
