45 41 
45 41 
62 76 
5 11 
5 11 
5 11 
5 11 
5 11 
5 11 
5 11 
5 11 
5 11 
5 11 
5 11 
5 11 
5 11 
5 11 
5 11 
5 11 
5 11 
5 11 
91 81 
91 81 
91 81 
6 9 
68 76 
84 92 
84 92 
6 9 
84 92 
89 86 
89 86 
89 86 
16 48 
89 86 
89 86 
21 36 
21 36 
39 36 
39 36 
39 36 
39 36 
39 36 
39 36 
39 36 
4 9 
39 36 
4 9 
39 36 
4 9 
39 36 
4 9 
90 83 
39 36 
90 83 
39 36 
6 9 
4 6 
6 9 
4 6 
6 9 
39 36 
6 9 
39 36 
4 9 
6 9 
6 9 
6 9 
4 9 
4 9 
6 9 
6 9 
6 9 
6 9 
4 9 
6 9 
6 9 
6 9 
4 9 
4 6 
6 9 
91 81 
4 9 
4 9 
4 6 
6 9 
4 9 
4 6 
6 9 
6 9 
4 9 
4 6 
75 73 
75 73 
75 73 
75 73 
91 81 
91 81 
75 73 
78 69 
91 92 
52 33 
75 73 
52 33 
52 33 
52 33 
52 33 
91 92 
52 33 
75 73 
89 88 
52 33 
75 73 
52 33 
75 73 
75 73 
52 33 
75 73 
52 33 
75 73 
75 73 
52 33 
75 73 
52 33 
75 73 
75 73 
75 73 
75 73 
75 73 
18 29 
18 29 
71 33 
33 17 
90 80 
91 80 
90 91 
90 91 
91 88 
90 91 
89 83 
89 88 
90 91 
2 3 
89 88 
91 84 
89 88 
90 91 
91 88 
90 81 
84 83 
89 88 
90 91 
71 17 
84 83 
89 88 
90 91 
89 88 
90 81 
91 81 
90 81 
89 88 
90 86 
82 83 
89 88 
90 86 
82 83 
89 88 
90 86 
90 86 
89 88 
90 86 
89 88 
89 88 
90 86 
89 88 
90 86 
90 86 
90 86 
89 88 
82 83 
89 88 
90 80 
90 91 
82 83 
89 88 
90 91 
90 86 
43 29 
90 81 
90 86 
89 88 
89 88 
38 15 
90 91 
90 91 
38 15 
91 88 
90 91 
90 81 
82 83 
90 81 
38 15 
82 83 
38 15 
82 83 
38 15 
82 83 
82 83 
82 83 
82 83 
82 83 
82 83 
90 81 
82 83 
90 81 
90 86 
82 83 
90 86 
89 88 
91 88 
82 83 
90 86 
82 83 
82 83 
43 29 
82 83 
82 83 
82 83 
91 88 
82 83 
91 89 
90 86 
89 88 
89 88 
89 88 
89 88 
90 86 
89 88 
90 86 
90 91 
90 86 
90 86 
90 86 
90 86 
90 86 
90 86 
90 86 
90 86 
82 83 
82 83 
90 91 
58 76 
90 91 
6 11 
90 91 
90 86 
90 86 
90 86 
90 86 
90 86 
90 86 
90 86 
90 86 
90 86 
90 80 
91 81 
90 91 
90 86 
90 81 
90 86 
91 88 
90 91 
90 91 
90 91 
91 88 
2 3 
2 3 
90 86 
91 88 
78 56 
90 86 
78 56 
18 41 
78 56 
18 41 
78 56 
90 86 
90 91 
18 41 
18 41 
90 91 
18 41 
18 41 
90 91 
1 9 
90 91 
90 91 
90 91 
78 58 
78 64 
78 64 
90 86 
90 86 
90 86 
90 86 
90 86 
90 86 
90 86 
90 86 
90 86 
90 86 
78 64 
90 86 
90 81 
1 9 
82 83 
1 9 
1 9 
1 9 
1 9 
45 38 
1 9 
38 15 
1 9 
1 9 
68 76 
1 9 
13 11 
13 11 
13 11 
13 11 
90 86 
45 15 
90 86 
90 86 
45 15 
90 86 
45 15 
90 86 
45 15 
45 15 
90 86 
45 15 
45 15 
90 86 
45 15 
45 15 
16 32 
90 86 
90 91 
90 91 
43 28 
78 58 
78 58 
1 9 
13 11 
90 86 
13 11 
43 47 
43 47 
90 91 
43 47 
90 86 
90 86 
90 86 
43 47 
43 47 
43 47 
43 47 
43 47 
90 91 
91 81 
43 47 
91 81 
43 47 
43 47 
90 86 
43 47 
43 47 
43 47 
43 47 
90 86 
90 86 
90 86 
90 86 
90 86 
90 86 
90 86 
90 86 
90 86 
90 86 
90 91 
90 86 
90 81 
90 81 
90 80 
90 91 
91 80 
39 25 
39 25 
38 15 
38 15 
39 25 
90 83 
90 83 
90 91 
41 38 
90 83 
90 30 
90 83 
61 58 
61 30 
58 75 
58 75 
78 75 
46 47 
46 47 
16 31 
78 75 
46 47 
78 75 
46 47 
46 47 
71 21 
2 3 
46 47 
71 21 
71 37 
16 22 
71 21 
71 21 
71 21 
71 75 
2 3 
71 17 
71 17 
3 9 
21 17 
71 21 
21 17 
21 17 
21 17 
71 17 
21 17 
2 3 
21 17 
12 3 
21 17 
21 17 
2 3 
71 21 
21 17 
2 3 
71 21 
2 3 
2 3 
2 3 
2 12 
2 3 
71 17 
2 3 
2 3 
2 3 
12 3 
71 17 
2 3 
37 21 
71 37 
71 37 
71 37 
58 46 
58 26 
58 28 
71 37 
46 47 
37 17 
21 28 
71 37 
58 28 
71 37 
71 37 
26 28 
71 37 
71 37 
52 51 
71 37 
78 75 
71 37 
26 28 
71 17 
78 75 
71 17 
46 47 
46 47 
26 28 
86 88 
46 47 
26 28 
46 47 
46 47 
46 47 
86 88 
26 28 
46 47 
86 88 
86 88 
26 28 
86 88 
26 28 
86 88 
26 28 
86 88 
26 28 
86 88 
86 88 
26 36 
26 36 
26 36 
26 36 
26 36 
26 36 
26 36 
26 36 
26 36 
26 36 
26 36 
26 28 
2 3 
26 36 
41 25 
6 76 
90 75 
68 54 
41 28 
25 28 
4 6 
4 6 
41 28 
39 35 
54 56 
41 38 
91 76 
91 76 
91 64 
91 76 
91 64 
64 76 
90 80 
38 28 
38 28 
91 76 
91 76 
90 92 
41 38 
41 38 
38 28 
32 42 
83 80 
83 80 
91 76 
91 76 
91 76 
91 76 
91 76 
91 76 
91 76 
91 76 
91 76 
91 76 
91 76 
91 76 
91 76 
91 76 
91 76 
91 76 
91 76 
91 76 
35 33 
91 76 
91 76 
91 76 
35 33 
35 33 
91 76 
2 3 
6 3 
41 38 
91 76 
35 33 
91 76 
91 76 
35 33 
35 33 
35 33 
91 76 
35 33 
35 33 
35 33 
35 33 
91 76 
35 33 
91 76 
35 33 
35 33 
35 33 
35 33 
91 76 
35 33 
91 76 
35 33 
91 76 
35 33 
91 76 
35 33 
91 51 
35 33 
35 33 
35 33 
35 33 
35 33 
35 33 
35 33 
35 33 
35 33 
35 33 
35 33 
35 33 
90 33 
90 35 
35 33 
35 33 
35 33 
35 33 
90 83 
35 33 
35 33 
64 76 
2 3 
2 3 
38 28 
91 76 
38 28 
91 76 
91 83 
38 28 
38 28 
38 28 
41 38 
38 28 
38 28 
41 38 
41 28 
41 38 
38 28 
41 28 
38 28 
38 28 
62 64 
62 64 
62 64 
16 40 
16 40 
16 40 
83 80 
83 80 
83 80 
62 76 
91 80 
91 80 
91 80 
62 64 
6 9 
6 9 
52 9 
28 29 
64 76 
78 64 
78 64 
61 54 
41 16 
41 16 
38 16 
71 17 
45 38 
45 38 
45 38 
45 38 
45 38 
45 38 
45 38 
45 38 
45 38 
