86 55 
33 19 
21 9 
20 21 
91 22 
59 91 
59 35 
59 91 
82 9 
47 9 
39 15 
58 15 
38 11 
72 28 
41 72 
58 41 
38 11 
41 28 
72 28 
58 72 
41 72 
38 11 
41 28 
72 28 
41 72 
41 28 
38 11 
72 28 
72 69 
41 69 
28 69 
41 72 
38 11 
41 28 
72 28 
59 35 
41 69 
41 72 
38 11 
41 28 
72 69 
72 28 
41 69 
41 72 
38 11 
41 28 
38 11 
38 11 
87 35 
38 11 
38 11 
24 28 
38 11 
59 57 
38 11 
28 83 
20 85 
39 27 
39 27 
39 27 
39 27 
39 27 
39 27 
85 82 
85 82 
85 82 
85 82 
59 91 
39 27 
39 27 
39 27 
39 27 
39 27 
39 27 
39 27 
39 27 
39 27 
59 91 
39 27 
39 27 
27 31 
73 14 
89 88 
73 14 
73 14 
73 14 
45 41 
23 43 
23 43 
43 44 
43 28 
28 44 
28 44 
43 44 
43 44 
43 28 
28 44 
43 44 
28 44 
28 44 
43 44 
43 44 
43 44 
28 44 
43 44 
41 28 
41 35 
89 88 
59 32 
35 28 
41 28 
41 28 
41 38 
35 28 
91 89 
91 89 
28 29 
59 73 
20 79 
89 88 
34 33 
78 57 
34 33 
34 33 
89 88 
34 33 
34 33 
91 88 
27 16 
89 82 
89 88 
18 89 
27 26 
89 88 
89 88 
89 88 
89 88 
89 88 
27 16 
89 88 
89 88 
89 88 
89 88 
89 88 
89 88 
89 88 
89 88 
89 88 
89 88 
89 88 
89 88 
89 88 
89 88 
53 38 
89 88 
89 88 
18 41 
38 15 
38 15 
38 15 
27 16 
27 16 
20 15 
28 29 
28 29 
74 64 
74 64 
74 64 
74 64 
74 64 
38 15 
74 64 
91 88 
74 64 
91 64 
18 20 
91 64 
91 64 
91 64 
91 64 
53 9 
90 83 
27 16 
27 16 
90 83 
64 69 
90 83 
90 83 
90 83 
90 83 
90 83 
90 83 
90 83 
90 83 
90 83 
90 83 
90 83 
90 83 
23 49 
78 77 
38 15 
14 9 
14 9 
26 29 
38 15 
18 23 
18 23 
18 23 
18 23 
18 23 
41 31 
38 15 
18 23 
53 14 
71 37 
26 29 
16 28 
27 28 
71 37 
16 28 
27 16 
16 28 
27 28 
71 37 
71 37 
37 17 
38 15 
38 15 
71 37 
37 17 
16 28 
16 28 
16 28 
16 28 
16 28 
38 15 
16 28 
38 15 
16 28 
16 28 
38 15 
16 28 
68 79 
16 28 
16 28 
16 28 
71 37 
68 77 
37 17 
90 83 
71 17 
78 69 
78 69 
45 41 
45 41 
45 18 
18 41 
18 41 
45 41 
45 18 
45 41 
45 41 
45 41 
45 41 
43 44 
45 41 
71 37 
41 43 
45 41 
45 41 
41 43 
91 84 
41 43 
91 84 
45 41 
41 43 
91 84 
71 37 
91 84 
71 37 
71 37 
91 84 
91 84 
46 47 
91 84 
46 47 
91 84 
91 84 
91 84 
46 47 
91 84 
61 54 
61 54 
61 54 
37 17 
58 34 
67 61 
57 54 
67 57 
57 54 
67 54 
67 61 
65 54 
61 54 
67 65 
38 15 
67 65 
58 34 
67 65 
38 15 
67 65 
22 26 
67 65 
65 22 
22 26 
26 31 
67 63 
39 35 
65 54 
67 65 
22 31 
61 65 
67 65 
58 47 
67 65 
65 63 
22 31 
65 54 
61 65 
65 63 
58 47 
67 57 
22 31 
67 65 
65 54 
61 65 
61 54 
61 65 
65 63 
26 31 
22 31 
59 65 
63 57 
61 54 
65 63 
59 61 
67 63 
35 29 
63 57 
61 54 
65 63 
67 63 
59 65 
63 57 
61 54 
58 47 
61 66 
65 63 
67 63 
59 65 
66 54 
65 54 
63 57 
61 65 
58 47 
58 47 
71 37 
58 47 
58 47 
75 79 
58 34 
66 75 
58 34 
66 75 
58 34 
75 74 
66 29 
58 34 
75 74 
66 74 
58 34 
38 15 
75 74 
66 75 
66 74 
58 34 
38 15 
89 88 
35 29 
35 29 
89 88 
35 28 
35 29 
58 28 
28 29 
35 29 
90 83 
35 29 
58 34 
35 29 
58 34 
35 29 
90 89 
58 47 
35 28 
58 34 
35 29 
58 47 
35 29 
58 47 
58 34 
58 34 
35 29 
34 29 
35 28 
35 29 
28 29 
35 29 
35 28 
35 29 
35 29 
35 29 
58 47 
58 34 
35 29 
35 29 
58 47 
35 29 
58 47 
34 29 
35 29 
39 37 
58 47 
35 29 
39 37 
58 34 
58 47 
58 47 
58 47 
35 29 
58 47 
38 15 
58 47 
58 46 
58 47 
58 46 
58 47 
58 46 
58 47 
58 46 
39 37 
46 47 
38 15 
58 34 
71 79 
28 29 
28 29 
58 34 
28 29 
38 15 
38 15 
58 28 
58 28 
28 29 
28 29 
28 29 
28 29 
58 47 
28 29 
28 29 
28 29 
37 25 
37 43 
28 29 
37 25 
28 29 
37 25 
37 43 
37 25 
37 43 
28 29 
28 29 
28 29 
20 76 
28 29 
33 28 
28 29 
33 28 
33 28 
33 28 
58 34 
35 33 
65 63 
33 28 
58 34 
38 24 
33 28 
59 65 
35 33 
33 28 
33 28 
33 28 
20 76 
20 76 
33 28 
65 57 
33 28 
33 29 
33 28 
33 29 
28 29 
33 28 
58 34 
33 29 
28 29 
33 28 
33 29 
35 33 
28 29 
61 76 
33 28 
62 76 
57 34 
33 29 
35 33 
33 28 
62 76 
57 34 
35 33 
33 28 
61 57 
61 57 
67 57 
33 28 
28 29 
67 57 
33 28 
62 76 
62 76 
61 57 
61 57 
62 76 
61 57 
62 76 
33 29 
65 76 
59 61 
62 76 
33 29 
67 59 
67 61 
79 76 
62 76 
33 29 
62 76 
28 29 
63 89 
62 76 
59 65 
63 88 
89 88 
33 28 
62 76 
89 88 
62 76 
89 88 
59 65 
28 29 
89 88 
33 28 
59 65 
33 29 
28 29 
33 28 
33 29 
20 28 
35 29 
61 65 
28 29 
89 88 
34 33 
89 88 
34 33 
61 58 
34 33 
89 88 
76 9 
61 65 
76 9 
14 76 
89 88 
34 33 
89 88 
54 74 
20 63 
26 33 
74 56 
34 26 
34 33 
26 33 
74 56 
34 26 
34 33 
26 33 
89 88 
74 56 
34 33 
26 33 
74 56 
34 33 
26 33 
89 88 
74 56 
74 56 
2 33 
79 56 
89 88 
89 88 
74 56 
89 88 
74 56 
74 56 
2 76 
2 76 
2 76 
2 76 
74 56 
74 56 
63 75 
34 33 
63 75 
34 33 
34 33 
34 33 
74 56 
61 65 
74 56 
61 65 
34 33 
61 65 
34 33 
59 65 
61 65 
59 54 
68 56 
34 33 
34 33 
59 54 
34 33 
59 65 
61 65 
61 65 
59 61 
59 65 
61 65 
61 65 
34 33 
34 33 
20 41 
59 65 
34 33 
18 41 
59 65 
61 65 
34 33 
59 65 
41 21 
34 33 
59 65 
61 65 
59 65 
61 65 
61 65 
66 75 
59 61 
59 65 
61 65 
59 65 
61 65 
59 65 
61 65 
20 41 
61 65 
59 61 
59 65 
61 65 
61 65 
61 65 
39 33 
61 65 
61 65 
61 65 
61 65 
41 44 
61 65 
59 61 
61 65 
78 63 
90 83 
39 35 
39 35 
39 35 
68 79 
39 35 
39 35 
59 65 
26 28 
26 28 
59 65 
59 65 
61 65 
67 59 
47 44 
47 44 
78 69 
68 64 
67 69 
47 44 
47 44 
38 15 
82 92 
78 56 
77 62 
27 46 
27 46 
27 46 
27 46 
27 46 
27 46 
27 46 
27 46 
27 46 
27 46 
27 46 
27 46 
27 46 
27 46 
27 46 
27 46 
38 15 
27 46 
38 15 
27 46 
38 15 
27 46 
27 46 
27 46 
27 46 
47 44 
27 46 
27 46 
27 46 
27 46 
27 46 
27 46 
38 15 
27 46 
27 46 
47 44 
27 46 
47 44 
27 46 
47 44 
27 46 
27 46 
47 44 
47 44 
34 33 
38 15 
27 46 
47 44 
38 15 
27 46 
47 44 
38 15 
27 46 
47 44 
27 46 
27 46 
27 46 
47 44 
27 46 
27 46 
47 44 
27 46 
27 46 
27 46 
27 46 
27 46 
47 44 
27 46 
47 44 
27 46 
47 44 
27 46 
27 46 
27 46 
47 44 
27 46 
47 44 
34 33 
27 46 
66 74 
27 46 
47 44 
34 33 
34 33 
34 33 
47 44 
47 44 
47 44 
18 34 
18 34 
26 28 
34 33 
27 46 
34 33 
38 15 
38 15 
27 46 
47 44 
34 33 
34 33 
34 33 
13 11 
67 64 
34 33 
66 64 
47 44 
47 44 
47 44 
2 14 
47 44 
67 64 
2 14 
67 64 
2 14 
47 44 
2 14 
47 44 
2 14 
2 14 
53 64 
2 14 
2 14 
2 14 
27 46 
2 14 
27 46 
27 46 
2 14 
27 46 
2 14 
2 14 
2 14 
2 14 
2 14 
2 14 
27 46 
47 44 
2 14 
47 44 
2 14 
27 46 
47 44 
2 14 
47 44 
2 14 
47 44 
2 14 
47 44 
2 14 
2 14 
2 14 
2 14 
27 46 
2 14 
68 79 
27 46 
2 14 
68 79 
27 46 
47 44 
47 44 
38 15 
47 44 
38 15 
27 46 
27 46 
47 44 
47 44 
2 14 
47 44 
2 14 
47 44 
2 14 
47 44 
2 14 
2 14 
2 14 
2 14 
47 44 
2 14 
2 14 
2 14 
47 44 
2 14 
2 14 
2 14 
2 14 
2 14 
27 46 
2 14 
27 46 
2 14 
27 46 
2 14 
27 46 
27 46 
22 26 
27 46 
27 46 
27 46 
58 64 
79 64 
27 46 
27 46 
27 46 
27 46 
27 46 
27 46 
90 84 
68 79 
68 79 
53 83 
27 46 
47 44 
47 44 
47 44 
47 44 
27 46 
27 46 
27 46 
53 83 
27 46 
47 44 
47 44 
47 44 
47 44 
27 46 
27 46 
27 46 
27 46 
47 44 
27 46 
47 44 
47 44 
47 44 
47 44 
47 44 
47 44 
47 44 
90 83 
90 83 
90 83 
64 56 
38 15 
38 15 
38 15 
64 56 
38 15 
90 71 
90 71 
90 83 
90 83 
2 14 
78 56 
64 56 
2 14 
12 14 
2 13 
2 12 
2 14 
90 83 
90 83 
2 13 
2 12 
2 13 
2 13 
2 14 
2 14 
67 63 
2 13 
2 76 
2 13 
2 13 
67 63 
67 63 
2 13 
2 13 
2 76 
2 76 
2 13 
2 13 
37 26 
2 13 
2 13 
45 41 
35 26 
45 29 
41 29 
45 29 
45 29 
35 26 
38 15 
74 83 
38 15 
38 15 
38 15 
35 26 
38 15 
38 15 
38 15 
2 13 
45 29 
38 15 
45 41 
34 33 
34 33 
27 46 
34 33 
27 46 
34 33 
27 46 
34 33 
34 33 
34 33 
34 33 
34 33 
2 13 
27 46 
34 33 
34 33 
75 55 
34 33 
34 33 
34 33 
34 33 
34 33 
34 33 
34 33 
34 33 
34 33 
34 33 
34 33 
74 83 
74 83 
27 46 
27 46 
43 28 
27 46 
43 28 
27 46 
43 28 
27 46 
27 46 
27 46 
91 74 
91 74 
43 28 
43 28 
43 28 
43 28 
43 28 
43 28 
38 15 
38 15 
27 46 
41 43 
41 43 
41 43 
41 43 
41 43 
41 43 
41 43 
41 43 
43 28 
41 43 
43 28 
34 33 
34 33 
34 33 
41 43 
34 33 
41 43 
34 33 
41 43 
41 43 
2 11 
2 13 
2 13 
2 11 
2 13 
2 11 
2 13 
2 11 
2 11 
2 11 
2 11 
2 13 
2 11 
2 9 
2 13 
2 13 
39 35 
39 35 
39 35 
38 15 
38 15 
26 15 
27 47 
27 47 
27 47 
41 38 
41 38 
45 38 
41 15 
45 41 
38 15 
41 38 
27 47 
41 38 
27 47 
41 38 
41 38 
41 38 
41 38 
41 38 
38 15 
27 47 
38 15 
27 47 
27 47 
38 15 
38 15 
27 47 
38 15 
27 47 
38 15 
38 15 
39 76 
27 47 
27 47 
27 47 
27 47 
27 46 
16 22 
79 76 
91 84 
58 69 
39 31 
39 31 
64 69 
27 31 
64 69 
27 31 
64 69 
27 31 
82 81 
27 31 
82 81 
27 31 
82 81 
27 31 
27 31 
27 31 
27 31 
86 88 
86 88 
20 34 
20 34 
20 34 
9 48 
20 34 
20 34 
38 86 
43 44 
43 44 
41 38 
61 56 
91 84 
91 84 
39 41 
39 41 
41 25 
16 22 
33 32 
33 32 
24 33 
24 33 
24 33 
45 41 
58 56 
45 41 
63 77 
63 77 
45 41 
45 41 
45 41 
89 81 
8 14 
45 41 
45 41 
89 81 
47 44 
66 74 
66 74 
66 74 
1 8 
1 8 
1 8 
1 8 
1 8 
91 81 
91 81 
38 15 
38 15 
91 81 
91 81 
91 81 
91 81 
78 5 
91 81 
78 5 
91 81 
78 5 
78 5 
91 81 
78 5 
91 81 
78 5 
91 81 
78 5 
91 81 
78 5 
91 81 
78 5 
91 81 
78 5 
38 15 
68 14 
91 81 
38 26 
38 26 
38 26 
82 92 
53 14 
38 26 
14 11 
38 26 
38 26 
68 82 
91 81 
38 26 
91 81 
38 26 
34 33 
38 26 
68 82 
34 33 
38 26 
68 82 
91 81 
38 26 
91 81 
89 92 
38 26 
91 81 
38 26 
38 26 
91 81 
38 26 
66 74 
38 26 
91 81 
38 26 
38 26 
66 74 
38 26 
66 74 
38 26 
38 26 
53 77 
38 26 
53 77 
53 64 
66 74 
5 25 
38 26 
38 26 
38 26 
38 26 
38 26 
38 26 
38 26 
5 25 
38 26 
38 26 
38 26 
89 88 
38 26 
38 26 
38 26 
38 26 
38 26 
66 74 
38 26 
66 74 
38 26 
38 26 
68 52 
38 26 
38 26 
38 26 
27 22 
38 26 
27 22 
5 91 
38 26 
27 22 
5 91 
38 26 
27 22 
5 91 
38 26 
27 22 
5 91 
38 26 
5 91 
38 26 
5 91 
66 74 
62 64 
5 91 
45 38 
5 91 
45 38 
5 91 
5 91 
5 91 
5 91 
5 91 
27 22 
5 91 
27 22 
5 91 
89 81 
27 22 
5 91 
89 81 
5 91 
5 89 
91 89 
5 91 
91 89 
91 89 
91 89 
91 89 
91 89 
91 89 
34 33 
91 89 
34 33 
91 89 
91 89 
91 89 
91 89 
91 89 
91 89 
34 33 
91 89 
91 89 
91 89 
5 12 
89 86 
52 13 
27 46 
27 46 
27 46 
27 46 
27 46 
27 46 
27 46 
27 46 
27 46 
27 46 
27 46 
27 46 
27 46 
27 46 
27 46 
27 46 
74 56 
27 46 
27 46 
27 46 
68 82 
27 46 
68 82 
27 46 
27 46 
27 46 
27 46 
27 46 
34 33 
27 46 
62 69 
27 46 
27 46 
54 56 
84 49 
77 69 
41 27 
41 27 
41 27 
41 35 
68 76 
41 35 
41 28 
41 28 
41 28 
41 28 
41 28 
