18 27 
18 27 
18 27 
91 92 
91 81 
91 81 
91 81 
91 81 
91 81 
91 81 
27 36 
85 89 
91 81 
91 81 
84 89 
63 82 
84 89 
91 81 
89 88 
91 81 
91 81 
91 81 
27 40 
91 81 
89 88 
27 40 
91 81 
89 88 
27 40 
91 81 
89 88 
89 88 
89 88 
91 81 
91 81 
91 81 
91 81 
91 81 
91 81 
91 81 
91 81 
87 86 
87 86 
87 86 
23 30 
43 49 
85 84 
85 84 
85 84 
27 43 
85 84 
18 43 
85 84 
5 4 
89 82 
89 82 
91 81 
13 3 
5 4 
43 47 
13 3 
91 81 
91 81 
13 3 
91 81 
13 3 
91 81 
85 4 
40 49 
91 81 
91 81 
13 3 
91 81 
52 33 
85 4 
13 3 
85 4 
91 81 
18 33 
18 85 
91 81 
91 81 
91 81 
91 81 
91 81 
91 81 
13 3 
91 81 
91 81 
91 81 
84 92 
91 81 
91 81 
13 3 
91 81 
13 3 
13 3 
13 3 
91 81 
13 3 
91 81 
13 3 
91 81 
91 81 
13 3 
91 81 
90 83 
91 81 
91 81 
18 17 
91 81 
13 3 
91 81 
91 81 
13 3 
91 81 
91 81 
83 80 
43 47 
43 47 
83 80 
43 47 
83 80 
43 47 
91 81 
91 81 
91 81 
91 81 
91 81 
91 81 
87 89 
91 81 
91 81 
91 81 
91 81 
66 56 
66 56 
90 83 
91 81 
66 56 
66 56 
66 56 
66 56 
66 56 
67 56 
90 83 
90 83 
90 83 
90 83 
90 83 
90 81 
90 92 
87 84 
84 92 
91 81 
46 44 
84 92 
43 28 
43 47 
84 92 
84 92 
29 44 
84 92 
60 62 
13 3 
60 62 
60 62 
60 62 
60 62 
13 3 
83 80 
60 62 
90 83 
90 83 
60 62 
60 62 
45 38 
60 62 
90 83 
90 83 
45 38 
60 62 
45 15 
45 38 
60 62 
90 83 
60 62 
45 15 
45 15 
60 62 
45 15 
60 62 
85 84 
45 15 
60 62 
45 15 
60 62 
45 15 
45 15 
60 62 
63 77 
60 62 
34 33 
34 33 
13 3 
60 62 
45 15 
13 3 
60 62 
34 33 
91 84 
90 83 
13 3 
60 62 
38 15 
60 62 
90 83 
60 62 
91 81 
34 33 
60 62 
91 81 
60 62 
91 81 
60 62 
91 81 
60 62 
13 3 
60 62 
34 33 
34 33 
13 3 
83 80 
13 3 
60 62 
60 62 
83 80 
81 80 
90 81 
13 3 
34 33 
34 33 
90 51 
60 62 
45 15 
85 81 
90 51 
13 3 
13 3 
90 80 
60 62 
60 62 
90 80 
60 62 
60 62 
84 92 
84 92 
60 62 
84 92 
60 62 
84 92 
6 9 
84 92 
60 62 
13 3 
60 62 
60 62 
60 62 
60 62 
34 33 
60 62 
1 10 
91 81 
60 62 
1 10 
60 62 
1 10 
1 10 
60 62 
13 3 
60 62 
13 3 
60 62 
60 62 
60 62 
1 10 
60 62 
90 83 
90 80 
60 62 
60 62 
90 80 
60 62 
90 80 
13 3 
45 15 
13 3 
90 83 
13 3 
13 3 
13 3 
89 92 
1 10 
13 3 
45 15 
89 92 
13 3 
60 62 
1 10 
13 3 
1 10 
90 80 
1 10 
13 3 
1 10 
90 83 
13 3 
90 83 
13 3 
60 62 
13 3 
90 80 
13 3 
13 3 
90 80 
45 15 
90 83 
13 3 
60 62 
13 3 
13 3 
60 62 
13 3 
60 62 
13 3 
60 62 
45 15 
13 3 
45 15 
13 3 
13 3 
13 3 
60 62 
90 80 
13 3 
60 62 
13 3 
60 62 
13 3 
60 62 
13 3 
90 80 
13 3 
90 80 
13 3 
60 62 
60 62 
89 80 
60 62 
89 80 
23 84 
60 62 
23 49 
89 80 
23 49 
89 80 
60 62 
23 49 
60 62 
60 62 
45 15 
60 62 
89 80 
89 80 
38 15 
60 62 
89 80 
89 80 
89 80 
60 62 
89 80 
90 40 
90 84 
89 83 
89 83 
60 62 
84 89 
78 56 
78 56 
78 56 
78 56 
90 83 
13 3 
78 56 
13 3 
78 56 
13 3 
13 3 
13 3 
90 83 
13 3 
13 3 
90 83 
13 3 
90 83 
90 83 
90 83 
18 17 
13 3 
13 3 
13 3 
13 3 
38 15 
90 84 
59 76 
83 80 
83 80 
90 83 
90 83 
23 49 
83 80 
23 63 
87 89 
23 49 
87 84 
87 89 
87 89 
45 15 
87 89 
87 89 
63 76 
87 89 
87 89 
63 76 
45 15 
63 76 
23 49 
63 76 
63 76 
45 15 
87 89 
23 49 
45 15 
87 89 
45 15 
87 89 
87 89 
45 15 
87 89 
87 89 
45 15 
87 89 
45 15 
87 89 
45 15 
87 89 
45 15 
87 89 
45 15 
45 15 
87 89 
45 15 
45 15 
63 76 
38 15 
63 76 
63 76 
63 76 
63 76 
90 83 
34 33 
91 80 
91 80 
34 33 
90 47 
90 83 
45 15 
37 17 
45 15 
90 83 
45 41 
45 41 
45 41 
45 41 
91 87 
45 41 
45 41 
23 73 
45 41 
45 41 
45 41 
45 41 
45 41 
45 41 
60 62 
45 41 
45 41 
78 63 
78 63 
45 41 
45 41 
45 41 
23 73 
45 41 
23 73 
45 41 
78 63 
45 41 
45 41 
90 83 
45 41 
45 41 
45 41 
89 92 
23 49 
23 49 
45 41 
78 63 
90 83 
45 41 
78 63 
45 41 
78 63 
45 41 
45 41 
78 63 
71 17 
45 41 
71 17 
45 41 
23 49 
45 41 
23 49 
45 41 
23 49 
45 41 
23 49 
23 49 
23 49 
23 49 
23 73 
23 49 
23 49 
90 81 
23 49 
90 81 
71 37 
90 81 
29 44 
45 41 
29 44 
90 81 
84 89 
63 76 
63 76 
18 41 
23 49 
18 41 
18 41 
18 41 
18 41 
18 41 
63 76 
18 41 
18 41 
18 41 
41 43 
10 3 
41 43 
10 3 
10 3 
71 37 
90 84 
91 84 
90 91 
90 84 
91 80 
90 89 
90 84 
34 33 
90 89 
91 80 
91 80 
91 80 
91 80 
91 80 
91 80 
87 89 
91 80 
91 80 
91 80 
91 80 
34 33 
63 76 
63 76 
13 14 
13 14 
1 14 
63 76 
63 76 
63 76 
54 79 
4 62 
58 4 
28 29 
28 29 
73 55 
73 55 
20 15 
5 76 
46 47 
3 14 
46 47 
46 47 
5 76 
5 76 
5 76 
78 76 
63 76 
5 76 
63 76 
63 76 
78 63 
63 76 
78 76 
78 76 
63 76 
78 76 
78 63 
5 76 
78 5 
63 5 
5 76 
10 76 
10 76 
10 76 
10 76 
10 76 
10 76 
10 76 
10 76 
10 76 
10 76 
2 9 
10 3 
22 9 
2 9 
2 10 
10 3 
10 3 
43 40 
10 3 
10 40 
43 10 
10 3 
10 3 
78 76 
28 29 
28 29 
28 29 
28 29 
67 54 
34 29 
61 73 
34 29 
66 76 
67 61 
67 61 
28 29 
28 29 
66 76 
34 29 
28 29 
34 29 
34 29 
28 29 
34 29 
34 29 
34 29 
34 29 
34 29 
34 29 
78 76 
78 76 
33 28 
66 76 
78 76 
57 76 
38 76 
34 29 
66 57 
67 66 
61 66 
34 29 
66 57 
61 66 
67 66 
67 78 
61 78 
67 66 
43 28 
87 86 
34 29 
87 86 
87 86 
87 86 
87 86 
87 86 
87 86 
87 86 
66 73 
66 73 
66 73 
66 73 
66 73 
66 73 
87 86 
87 86 
66 73 
87 86 
66 73 
87 86 
66 73 
66 73 
87 86 
66 73 
87 86 
43 28 
87 86 
10 3 
87 86 
10 3 
87 86 
87 86 
87 86 
18 28 
43 28 
89 47 
5 9 
84 89 
18 28 
90 83 
10 9 
90 83 
90 83 
90 83 
90 83 
90 83 
90 80 
90 80 
90 80 
90 80 
90 80 
90 80 
87 89 
89 80 
89 80 
89 80 
87 89 
20 38 
89 80 
89 80 
43 28 
90 89 
43 28 
43 28 
10 9 
87 89 
43 28 
83 80 
89 92 
89 82 
43 28 
89 88 
89 88 
89 88 
89 88 
89 88 
89 88 
89 88 
89 88 
77 64 
89 88 
77 64 
87 89 
87 89 
89 92 
41 15 
90 87 
90 87 
90 87 
18 40 
18 40 
18 40 
18 40 
18 40 
18 40 
18 40 
18 40 
18 40 
18 40 
18 40 
18 40 
18 40 
18 40 
18 40 
18 40 
18 40 
18 40 
91 89 
18 40 
18 40 
18 40 
18 40 
4 6 
4 6 
4 6 
27 22 
27 22 
60 73 
60 73 
79 76 
2 13 
2 13 
2 13 
2 13 
2 13 
34 47 
85 89 
2 13 
2 13 
91 80 
90 83 
91 80 
91 80 
89 80 
87 80 
89 80 
63 56 
83 80 
90 80 
90 80 
43 47 
67 56 
43 47 
43 47 
87 86 
85 84 
87 86 
85 84 
85 84 
87 86 
87 86 
87 86 
43 47 
87 86 
43 47 
6 9 
43 47 
43 47 
43 47 
43 47 
6 9 
52 64 
4 6 
52 64 
4 6 
4 6 
4 6 
85 84 
85 84 
35 33 
90 83 
85 89 
85 89 
91 89 
91 80 
85 80 
85 89 
91 89 
91 89 
85 89 
91 89 
85 89 
85 89 
87 89 
85 87 
87 89 
67 78 
41 33 
90 80 
91 87 
41 33 
90 80 
90 83 
41 33 
90 80 
90 80 
90 80 
90 80 
90 80 
90 80 
4 6 
87 89 
90 80 
90 80 
87 89 
87 89 
87 89 
91 87 
2 13 
87 89 
87 89 
87 89 
87 89 
85 87 
87 89 
87 89 
85 87 
87 89 
87 89 
1 9 
87 89 
87 89 
87 89 
87 89 
43 28 
43 28 
87 89 
87 89 
87 89 
43 28 
10 9 
87 89 
33 29 
10 9 
10 9 
87 89 
10 9 
87 89 
87 89 
33 29 
33 29 
87 89 
87 89 
87 89 
87 89 
87 89 
87 89 
87 89 
87 89 
87 89 
87 89 
87 89 
87 89 
43 47 
43 47 
87 89 
43 47 
87 89 
43 47 
43 47 
43 47 
43 47 
90 84 
13 76 
43 47 
84 83 
4 13 
87 89 
4 13 
87 89 
4 13 
87 89 
4 13 
87 89 
4 13 
87 89 
87 89 
84 83 
87 89 
87 89 
87 89 
61 54 
90 84 
90 84 
90 84 
90 84 
90 84 
61 54 
90 84 
90 87 
91 87 
61 54 
91 89 
87 89 
61 54 
61 54 
87 89 
4 6 
10 9 
10 9 
10 9 
10 9 
4 6 
4 6 
4 6 
4 6 
4 6 
4 6 
4 9 
4 6 
10 9 
13 6 
13 6 
13 6 
13 6 
85 84 
87 32 
43 28 
43 28 
85 84 
60 66 
5 4 
6 14 
6 14 
67 63 
6 14 
60 63 
67 63 
6 14 
63 77 
6 14 
6 14 
6 14 
6 14 
6 14 
67 77 
6 14 
4 6 
6 14 
6 14 
6 14 
6 14 
6 14 
6 14 
6 14 
6 14 
6 14 
6 14 
6 14 
6 14 
6 14 
34 33 
6 14 
6 14 
6 14 
6 14 
6 14 
6 14 
6 14 
3 14 
3 14 
3 14 
43 28 
3 14 
3 14 
1 14 
90 85 
90 85 
90 83 
43 28 
41 32 
41 32 
10 9 
41 32 
20 76 
41 32 
41 32 
41 32 
10 9 
41 32 
34 33 
10 9 
34 33 
10 9 
78 66 
78 66 
13 14 
13 14 
13 14 
13 14 
13 14 
13 14 
13 14 
13 14 
13 14 
13 14 
13 14 
13 14 
13 14 
13 14 
68 76 
58 52 
20 38 
4 6 
85 84 
10 9 
20 38 
76 56 
10 9 
20 38 
76 56 
20 38 
67 77 
38 6 
60 56 
67 56 
20 38 
58 56 
20 38 
67 56 
60 56 
60 56 
60 56 
60 56 
67 76 
85 81 
60 56 
67 76 
85 81 
60 56 
85 81 
60 56 
60 56 
60 56 
60 56 
60 56 
60 56 
77 56 
70 76 
67 76 
76 56 
60 54 
85 81 
77 76 
76 56 
85 81 
87 89 
76 56 
70 76 
87 89 
76 56 
87 89 
60 76 
67 76 
76 56 
87 89 
91 84 
76 56 
87 89 
67 76 
91 84 
87 89 
83 3 
76 56 
67 76 
39 37 
91 84 
87 89 
67 76 
39 37 
83 3 
76 56 
37 16 
27 16 
91 84 
87 89 
67 76 
76 56 
39 37 
70 76 
87 89 
67 76 
39 37 
67 76 
87 89 
76 56 
87 89 
76 56 
87 89 
76 56 
87 89 
78 76 
16 22 
76 56 
16 22 
67 76 
76 56 
76 56 
72 76 
78 76 
76 56 
72 76 
61 76 
76 56 
67 76 
67 76 
61 76 
57 76 
62 76 
76 56 
61 76 
72 76 
76 56 
72 76 
76 56 
62 76 
76 56 
76 56 
67 76 
72 76 
67 77 
91 81 
90 80 
87 89 
87 89 
67 61 
87 89 
67 61 
87 89 
87 89 
87 89 
87 89 
67 77 
87 89 
67 61 
87 89 
67 56 
87 89 
78 70 
87 89 
78 70 
87 89 
87 89 
35 33 
35 33 
78 56 
67 56 
6 9 
39 33 
4 62 
87 89 
6 9 
87 89 
6 9 
87 89 
78 56 
6 9 
78 56 
78 56 
39 37 
78 56 
91 80 
87 89 
39 37 
4 9 
91 80 
87 89 
87 89 
39 37 
35 33 
39 37 
4 6 
87 89 
87 89 
63 56 
4 6 
87 89 
87 89 
87 89 
87 89 
87 89 
87 89 
87 89 
87 89 
87 89 
18 37 
87 89 
90 83 
87 89 
90 83 
87 89 
18 37 
87 89 
87 89 
90 83 
37 29 
87 89 
87 89 
87 89 
87 89 
26 28 
87 89 
87 89 
87 89 
87 89 
78 63 
87 89 
87 89 
87 89 
87 89 
87 89 
87 89 
87 89 
87 89 
87 89 
87 89 
87 89 
87 89 
87 89 
87 89 
78 63 
87 89 
87 89 
87 89 
87 89 
87 89 
87 89 
87 89 
87 89 
87 89 
87 89 
4 13 
87 89 
87 89 
87 89 
87 89 
78 63 
78 63 
78 28 
78 28 
78 28 
78 28 
78 28 
78 28 
78 28 
78 28 
78 28 
78 28 
78 28 
78 28 
78 28 
78 28 
78 28 
78 28 
78 28 
78 28 
78 28 
78 28 
78 28 
78 28 
78 28 
59 56 
78 28 
78 28 
78 28 
78 28 
78 28 
78 28 
78 28 
18 34 
78 28 
78 28 
78 28 
78 28 
78 28 
78 28 
78 28 
39 36 
78 28 
78 28 
78 28 
78 28 
78 28 
78 28 
78 28 
90 85 
78 28 
78 28 
4 13 
78 28 
78 28 
87 89 
4 13 
87 89 
78 28 
78 28 
87 89 
78 28 
78 28 
87 89 
78 28 
78 28 
4 13 
78 28 
4 13 
78 28 
38 2 
52 6 
78 28 
38 2 
90 80 
78 28 
2 15 
78 28 
78 28 
78 28 
78 28 
78 28 
2 15 
87 89 
6 14 
78 28 
2 15 
78 28 
2 15 
6 14 
87 89 
78 28 
2 15 
6 14 
87 89 
87 89 
6 14 
78 28 
2 15 
78 28 
2 15 
78 28 
87 89 
6 14 
78 28 
2 15 
87 89 
6 14 
78 28 
2 15 
2 15 
6 14 
87 89 
87 89 
87 89 
4 13 
87 89 
6 14 
87 89 
87 89 
6 14 
87 89 
6 14 
87 89 
6 14 
87 89 
87 89 
87 89 
6 14 
78 28 
6 14 
6 14 
6 14 
87 89 
87 89 
6 14 
6 14 
87 89 
6 14 
4 13 
87 89 
4 13 
87 89 
38 2 
87 89 
4 13 
38 15 
78 28 
87 89 
78 28 
87 89 
87 89 
87 89 
4 13 
6 14 
90 80 
62 64 
6 14 
90 80 
6 14 
90 80 
6 14 
90 81 
6 14 
90 80 
6 14 
90 80 
6 14 
90 80 
90 80 
13 6 
6 14 
90 83 
90 83 
87 89 
90 83 
1 13 
90 83 
87 89 
87 89 
90 83 
87 89 
90 83 
87 89 
87 89 
90 83 
87 89 
90 83 
87 89 
90 83 
87 89 
90 83 
78 56 
90 83 
90 83 
90 83 
78 79 
90 80 
90 80 
90 80 
90 80 
90 80 
90 80 
38 15 
2 6 
10 7 
10 7 
10 7 
10 7 
10 7 
10 7 
10 7 
90 80 
10 7 
10 7 
10 7 
10 7 
