164 1208
1663 1259
1036 1617
635 1877
410 1234
1635 1727
114 1074
200 1256
1074 114
1289 119
751 1877
751 195
1478 1462
1632 1635
43 741
333 1537
158 161
195 613
195 613
1259 1361
659 56
659 1495
1107 1361
863 863
421 955
421 331
1417 1769
1417 1829
1361 1259
1361 1107
1877 635
1432 1827
1877 1547
1300 1074
1495 659
924 161
516 1414
161 924
924 161
161 924
200 1281
200 524
383 1305
141 502
161 158
1074 1300
1107 1361
924 161
1827 1432
957 1664
1769 1417
1205 1617
1877 1859
1361 1107
518 74
1877 518
518 1859
1107 1361
955 421
741 43
945 1120
1270 1751
1270 61
1270 161
1270 859
1270 744
1270 1209
1892 1459
1416 1493
1300 1074
161 1270
995 1064
1432 1827
421 955
538 1432
859 1270
1493 1416
678 635
862 401
187 120
1256 200
56 1811
195 119
119 1289
119 195
195 119
119 195
161 924
195 119
200 1256
200 769
195 769
1664 957
769 200
195 161
1664 204
769 195
200 769
195 769
769 200
195 891
200 769
769 200
769 762
200 769
1074 1300
924 161
195 492
924 492
492 195
492 924
924 492
195 492
492 924
492 195
195 492
492 195
195 492
121 1664
924 492
195 1513
121 1664
195 1663
1663 195
518 1877
195 1663
121 853
895 620
1663 195
195 1663
84 176
1663 195
195 1663
1663 195
195 1663
195 795
1361 1107
56 1472
1300 1074
1663 195
195 1663
56 659
1663 195
1827 1432
401 862
1865 1495
485 1573
566 209
485 1877
485 924
195 1663
1663 195
195 1663
1617 1205
1663 195
11 1627
1198 1663
1074 1300
1663 1198
320 1861
1453 67
195 1663
195 1663
1300 1074
1074 1300
1588 1581
957 1664
1645 924
955 421
1305 383
1305 1259
1300 1074
795 195
1107 1361
1107 1666
931 1477
67 1453
67 1831
1465 1361
613 195
613 195
1209 1270
1209 775
1209 1454
1208 164
1074 1300
977 1883
949 67
164 1208
629 541
67 949
1432 1827
1417 120
924 1417
1476 1827
1476 751
1256 200
84 183
924 1256
1256 924
924 1256
421 955
1417 924
924 1417
1831 67
1663 195
67 1831
1459 1892
1728 1107
200 1256
1107 1728
741 302
741 1825
1861 320
1861 1361
1861 1361
74 518
1361 1861
1064 1877
1064 195
1064 1459
1064 1610
1877 1064
1064 995
1064 1877
1573 485
161 195
161 924
1417 924
751 1476
1417 258
924 161
924 1417
1300 1074
1811 56
195 749
288 74
288 114
288 114
288 56
161 924
518 74
518 266
924 161
266 518
922 84
1877 518
1827 1432
195 161
195 613
1877 1827
518 266
518 1877
1877 518
266 518
518 1877
1877 518
518 266
518 1877
84 922
1876 552
183 84
1432 1827
1074 1300
1300 1074
1270 859
1270 161
1871 1314
552 1876
635 1877
1877 635
1416 1493
195 1663
1877 1210
195 637
195 469
195 848
859 1270
195 989
195 1092
989 195
195 989
1218 755
195 1895
1895 195
195 1895
1895 195
195 1895
1895 195
195 1895
195 361
361 844
361 195
195 361
1895 195
195 1895
1895 195
1877 1868
1877 861
195 1895
314 862
1581 1588
1581 161
195 446
1590 1310
1590 1107
1877 1590
1877 411
1590 1877
1877 1590
195 183
1256 200
1590 940
1590 1877
1877 1256
1877 159
1205 1617
1074 1300
657 176
403 506
1877 1751
259 56
74 1547
259 1877
259 946
209 566
1877 259
259 1877
1877 259
1877 1064
492 924
1064 1877
209 1547
74 288
259 1877
485 1573
1466 755
1877 259
1877 485
74 518
1877 254
1877 393
259 1877
259 1877
1432 625
1465 393
1432 625
1472 56
259 1259
1432 259
1432 259
1432 1472
393 1465
538 1432
1300 1074
1877 259
393 1877
259 1877
1462 393
1877 259
393 1462
1783 538
1259 259
924 492
1573 485
155 119
1827 1877
1827 1432
171 1735
1483 859
1355 628
1861 1361
1861 1622
518 74
538 1783
1590 1769
1590 957
1590 1562
1590 1566
659 1495
659 56
749 195
254 813
158 161
657 1827
946 259
1588 1581
1617 1205
1432 1827
259 1877
259 1259
1635 1632
1208 164
1876 552
1769 1590
1877 769
1877 285
285 1471
285 1471
865 865
1481 1877
1877 1481
1877 1481
84 183
1877 1276
1877 1272
1877 419
1877 890
258 1417
1566 1590
1581 1588
1462 393
164 1208
864 864
266 518
1664 957
1664 121
1664 121
864 3
1825 741
625 1432
518 266
1877 860
1877 533
1877 164
119 155
1877 119
119 1877
1877 119
119 1877
1877 259
266 518
266 119
955 421
119 266
637 195
266 119
195 637
844 361
552 1876
891 933
1831 67
119 266
1590 1769
1590 1566
1432 625
266 119
1040 1573
1040 164
195 1874
195 524
195 749
195 518
518 266
518 195
259 1877
195 518
1877 259
518 195
68 1617
195 518
1877 68
266 518
518 195
1877 518
518 266
518 1877
1877 518
518 195
518 1877
518 1877
1877 518
518 1877
1877 518
1547 74
518 1877
266 518
195 518
1547 209
195 119
1877 518
1877 195
195 1877
1877 1547
1877 819
1877 801
1877 478
502 141
1877 1588
1588 1581
1588 1877
1877 1588
1588 1877
1877 1588
1417 924
1417 150
1588 1877
330 1375
1877 928
924 1417
1588 863
1588 864
3 864
1877 625
1220 794
625 1877
813 254
924 1588
1877 1811
1432 538
239 1343
1811 1877
1432 1485
1432 1417
1877 1811
1877 1417
1417 1877
1877 410
1432 1778
1877 1811
1811 1877
1432 1778
1877 1811
1769 1590
1588 924
1476 751
1256 555
410 1877
924 1588
1811 1877
795 299
1588 924
924 1588
299 795
1588 924
795 299
1432 330
1432 1588
541 629
541 1512
28 1182
1343 239
119 195
119 266
751 1476
751 957
164 1040
161 1270
161 924
161 195
161 1581
538 1432
161 158
1432 538
538 1432
924 161
924 1588
1472 1432
195 1472
1432 1472
1310 1590
485 1573
1877 485
485 1877
1877 485
946 162
485 1877
1877 485
485 1877
176 84
74 518
164 1593
1617 68
383 1305
74 1547
1877 1462
361 844
1375 330
194 795
194 735
1476 751
1566 1590
518 74
1595 552
1562 1590
164 1208
848 195
195 1778
1877 288
288 1877
1877 288
195 848
288 1877
1877 288
552 1595
195 201
259 1877
848 195
56 1811
848 536
195 848
195 1859
1040 164
1664 1772
209 1547
1877 259
860 1877
195 860
195 361
361 195
195 361
259 1877
957 751
844 361
1859 195
183 84
195 1859
421 955
1581 161
1581 1588
195 1581
1472 1432
1289 119
1877 259
195 1256
1877 195
1877 361
1877 860
254 813
1877 254
254 1877
1877 254
1877 931
195 1877
1877 1487
254 1877
438 201
195 1483
1483 195
1483 614
1483 254
844 1256
1483 1220
195 1483
1483 195
1483 538
195 1483
1718 1414
1718 1877
1483 195
195 1483
1483 195
195 1483
536 848
1622 1861
860 195
860 1877
1877 860
1483 176
164 1040
1664 946
866 1218
866 35
195 860
195 68
1877 68
195 1210
195 922
922 195
946 1664
195 922
922 195
195 922
195 1809
1432 1472
195 1449
1877 1449
995 1064
1877 635
1877 1102
1102 1877
1877 1102
1877 164
1102 1877
195 1462
195 1361
195 67
195 1434
195 176
176 195
518 1483
518 447
84 183
848 195
848 536
860 195
164 1877
164 1408
1256 195
743 1256
1256 844
1256 743
1256 1705
1811 56
195 1256
447 518
195 1477
195 611
1710 410
1483 518
743 1256
195 1318
1877 1256
195 167
1877 167
172 330
538 1483
74 848
635 1877
67 1831
235 235
67 195
1472 1432
1877 896
931 1877
1877 931
931 1877
861 1877
844 1256
1877 1663
119 1289
361 195
361 844
361 1877
330 1452
1595 552
1256 743
195 815
858 858
815 195
815 1375
518 1483
195 815
518 447
551 411
551 952
551 28
551 790
551 757
551 14
551 1158
551 1627
551 1895
551 1074
551 1859
551 566
551 1512
551 201
551 58
551 1761
551 442
195 492
195 1642
1877 411
1877 361
1877 865
1208 164
164 1208
1036 187
1663 1877
1877 1663
1827 657
383 1305
552 1595
552 181
1481 1855
1481 737
1270 161
1270 859
1481 643
614 1483
361 1877
194 110
187 1036
1877 361
1877 1878
1481 858
1483 614
1483 1878
259 1877
1877 259
1158 551
1664 946
1664 1413
1663 1877
1877 1663
1877 1664
1664 1877
858 1481
1877 1664
161 924
161 1581
161 1270
1663 1877
1877 1663
1663 1877
1827 657
201 438
657 1827
955 421
955 1396
690 1024
183 84
1877 749
657 1663
1590 1562
1590 1566
1590 1310
657 1074
1590 1210
1590 1769
1590 1210
1481 858
1827 657
857 857
1622 67
657 1827
7 524
1547 1877
1547 74
1547 209
1877 857
1432 538
562 957
1468 1483
1468 1452
1468 1861
239 1343
949 857
58 1828
1769 1590
857 1877
857 949
751 957
751 1476
278 1642
687 1610
1483 1468
1270 161
361 1877
1459 1064
1391 258
1877 361
1164 1483
1040 164
848 74
657 609
991 1554
1476 751
1750 757
1259 795
1855 1481
611 195
195 611
164 1040
263 239
563 1220
1408 164
698 568
195 778
195 1608
1622 1174
195 361
361 1877
361 195
195 361
361 195
195 361
361 195
195 361
195 1272
1272 195
195 1811
1811 195
334 1781
195 1811
195 183
1270 1466
195 538
1547 1748
1878 195
946 1664
195 1878
195 1547
1878 195
195 1878
278 1642
56 288
813 254
1481 156
1608 195
195 1878
195 1056
755 1466
195 857
159 1877
1877 159
442 551
1878 195
1878 383
1827 657
331 421
331 1827
891 1420
862 314
164 1408
195 749
1481 1855
1481 1858
7 524
1040 164
195 58
1074 551
183 195
195 183
1877 361
1370 164
1074 657
383 1878
1220 952
1877 518
518 1877
161 1270
1877 518
518 1877
518 1877
1877 518
518 1877
1877 518
1877 518
84 183
84 176
84 922
254 813
755 254
1855 1481
1260 361
1878 383
312 195
857 195
195 857
259 1877
1840 886
195 637
1664 1877
1664 946
1827 195
288 56
288 1877
1877 259
1877 1664
164 1040
1877 164
1453 67
890 1877
890 1884
164 1877
1877 164
1877 890
813 254
1876 552
1877 1448
1289 119
195 1323
1877 861
946 1664
409 1023
195 1129
195 409
1878 1483
1878 1877
195 1859
195 239
239 195
195 239
538 858
538 1783
538 195
1361 158
239 263
239 195
114 84
195 239
195 119
114 1663
114 288
119 1289
119 195
1663 114
114 1074
1663 657
74 1547
239 195
114 1663
195 239
1663 114
74 848
858 538
741 569
848 74
74 119
848 536
1663 114
74 848
114 1663
114 1663
1063 312
114 546
1547 74
114 1547
121 1664
1547 114
114 1547
74 1663
74 1547
1063 312
1483 1878
1270 161
1783 538
1040 164
848 74
195 1861
174 56
890 1877
957 562
957 1590
957 176
74 848
195 643
1877 1569
383 1878
1449 1617
848 74
1318 195
164 1040
1877 119
56 288
1877 769
119 1877
769 1877
1877 769
769 1865
769 1877
1877 769
1877 1718
769 1877
1877 769
1877 1434
56 1472
1828 58
1120 945
1883 857
263 239
56 659
334 890
56 1811
56 1849
56 1251
56 1318
1408 164
56 1408
1074 114
492 195
1064 995
1064 1459
657 1827
657 1074
164 1408
1547 74
1487 1877
1877 1487
1074 657
158 161
1877 1547
1013 1414
239 263
1748 1547
538 1783
1034 1877
1877 1034
1877 1034
1034 1877
1877 1034
1783 538
794 1220
1877 1811
794 1220
1811 56
1811 195
1811 1877
751 1476
1481 1855
1481 1476
114 1074
114 1209
1622 114
114 1622
1182 28
1182 1664
637 195
1674 1674
1855 1481
56 1811
195 492
195 637
383 1305
1877 569
569 741
569 1877
361 1260
538 1783
1481 1855
1877 569
1827 657
643 195
1654 1361
1617 1449
1617 1449
1209 114
74 1547
164 3
1343 239
569 1877
614 1483
741 569
195 614
195 1831
1878 1483
1878 383
67 1622
614 195
195 614
67 1453
195 614
896 1877
1728 865
1728 865
536 848
865 821
865 821
1728 865
865 28
865 516
865 1361
566 551
516 1365
865 1361
1483 614
865 1453
865 1728
161 1270
865 386
865 278
865 278
161 158
161 158
195 161
865 442
1432 625
1432 566
625 1432
161 195
1811 56
1414 1140
1414 1829
1361 1654
1414 1013
1361 865
195 161
195 183
1453 865
1453 67
492 6
637 195
195 637
278 865
239 1343
1877 569
1459 1064
1040 164
164 1040
1472 56
1413 1664
1259 410
195 1124
644 769
1877 896
410 1710
410 1259
644 1074
1877 890
1064 1459
1444 955
164 643
1259 410
644 164
1547 1748
644 410
195 1547
1836 1836
164 644
195 859
955 1444
1234 479
1562 1590
74 848
1769 361
361 1769
1769 361
744 1270
744 755
1877 744
1877 585
848 74
1260 361
1800 771
361 1769
361 1260
1074 644
361 844
620 895
1074 114
1748 1547
643 164
818 518
518 818
818 518
518 818
518 818
473 167
473 167
657 1827
84 114
1855 1481
643 1465
1343 239
164 643
643 164
643 195
421 955
421 331
755 744
158 1361
1581 1125
1361 158
158 1361
1361 158
1013 1414
859 1270
693 1879
614 195
614 1483
614 643
114 84
114 1074
1877 1074
1074 1877
1877 1074
1074 1877
1877 1074
1074 1877
1420 741
1420 1883
1877 158
1361 538
1459 1064
1512 551
164 643
161 195
479 1234
1622 114
1622 67
195 161
643 614
643 164
67 1622
955 421
1877 121
121 1877
121 1877
1877 121
121 1877
844 361
161 195
1483 614
1877 121
121 1877
1877 121
865 278
121 1877
865 1728
865 1417
204 791
1877 121
121 1877
1877 121
409 195
1260 361
538 1361
1831 195
74 848
361 1260
361 844
164 643
755 1434
185 532
411 1877
411 551
1547 1748
1547 195
682 569
1408 164
164 1408
1783 538
415 411
1432 127
1432 164
865 486
865 1807
741 1420
278 865
3 164
195 1831
164 1432
164 3
532 185
119 116
116 119
895 620
1748 1547
195 637
185 1472
421 955
538 1783
209 164
1877 546
643 164
195 848
848 74
1361 538
848 195
195 848
848 195
673 1210
195 848
1472 185
74 848
848 74
74 848
848 74
74 848
656 56
1783 538
1783 538
1769 1590
1827 657
848 74
1465 1039
657 1827
1465 1462
164 209
164 643
643 164
637 195
183 84
183 84
84 183
1829 1414
84 183
84 183
1064 1459
183 84
1210 673
183 84
110 194
1074 114
659 56
1841 795
158 1877
1841 626
1841 476
818 1859
1841 1171
1462 1465
1877 1209
614 643
614 1483
84 183
1465 1462
1481 1855
1209 1877
1289 119
3 164
164 3
3 164
185 1472
164 3
569 682
673 1210
603 1829
673 755
447 518
3 164
164 3
3 164
3 164
164 643
164 3
1260 361
643 614
119 1289
538 1783
538 1783
1210 673
1483 614
1877 1487
682 569
1566 1590
195 1566
258 1391
438 201
1487 1877
361 1260
1877 485
485 1877
200 485
1877 485
74 848
1877 411
1877 158
485 200
485 1877
1877 1209
200 485
485 200
200 485
1877 1487
485 200
200 485
485 200
1673 1673
200 485
1877 1673
485 200
200 485
716 1289
716 1289
485 200
200 485
485 200
200 485
485 200
200 485
485 200
200 485
266 220
164 296
1827 657
266 569
1877 1673
1877 1209
204 1664
1877 1674
1481 1836
1459 1064
1416 266
1663 74
195 541
1327 1673
1836 1481
988 1220
195 1663
1444 955
1444 467
1837 1837
673 1210
1481 1836
1481 1836
848 74
200 1837
1836 1481
1481 1836
1877 485
485 1046
485 1877
485 924
1877 485
485 1877
1877 485
485 1877
74 848
74 848
924 485
1838 1838
848 74
644 1074
1838 891
6 492
1547 1748
1327 164
955 421
955 1444
1260 361
1829 603
896 1877
795 1841
1663 195
74 848
195 1663
1074 644
84 183
1209 1877
1748 1547
1859 818
860 1838
949 164
860 899
860 1164
288 56
818 1859
818 54
618 931
618 28
1838 896
1663 195
1208 164
1877 896
1877 1209
1472 185
296 164
100 100
164 296
1590 957
1590 1566
1590 1562
1590 1769
164 1208
161 815
1877 901
901 1877
1877 901
1220 988
1877 164
164 1877
1877 164
164 1877
1877 164
164 1877
1839 1839
1092 195
1092 1268
200 1839
200 1895
1895 200
200 1895
1895 200
1877 164
195 1663
195 613
164 1877
1877 164
1259 543
1660 307
1259 613
755 1660
185 1472
1040 164
931 618
1210 673
164 1877
1210 673
1877 164
1661 1661
1209 1877
421 955
421 1174
1661 864
1661 741
741 1661
1661 3
741 1735
1432 410
1661 1640
741 1891
1432 1512
1663 195
410 644
195 1663
1430 1434
492 6
410 1432
673 1210
673 1210
1705 1256
1664 1877
1664 946
1664 121
1664 1182
195 1472
1472 185
1664 1413
1877 1664
1432 848
1472 195
195 1673
848 1432
678 1673
957 1673
1465 67
3 1661
1661 3
1661 3
1877 201
848 957
74 1663
1783 538
1430 162
1728 1476
1430 546
1476 1481
1476 751
1476 1728
1673 818
1476 1728
1430 1236
1476 842
1728 1476
1476 1728
1728 1476
1476 1728
1728 1476
1728 1476
1728 1476
1476 1728
1476 1728
1430 687
1728 1476
1430 1109
1476 1728
1728 1476
614 643
896 1838
1476 1728
1430 732
1728 1476
1476 1728
1728 1476
1728 1476
1430 1010
1476 1728
1430 1811
741 58
1430 1716
1430 178
1430 1689
955 421
988 1220
7 1106
890 1877
1210 673
1210 673
1210 673
1757 1746
67 1465
1811 1430
1430 1811
296 164
56 1811
56 1472
56 656
56 659
56 288
1289 716
84 114
1289 119
3 1663
957 848
1481 1476
1481 1430
603 1829
603 1669
603 1465
1444 955
818 1673
818 54
1877 1542
1234 1420
1877 164
164 296
1663 195
1663 74
1663 3
185 1472
1841 795
562 957
562 858
562 532
1877 562
1483 1158
562 1877
562 471
1877 562
858 562
562 858
1234 479
562 1877
1877 562
54 818
54 1487
164 1040
562 1877
858 562
562 858
858 562
562 858
858 562
1811 1430
562 858
1316 543
858 562
818 54
562 858
1877 562
1811 56
562 1877
1877 1811
1877 562
858 562
552 1811
552 1566
552 1663
1663 552
562 858
562 1877
302 1588
1877 562
1811 1877
1811 552
1877 1811
637 562
1673 818
562 637
1487 54
1430 1481
98 98
1430 1811
6 492
795 1841
288 56
1040 164
164 1040
1689 1430
552 1663
552 1811
1660 755
1459 1660
532 562
1660 1459
1660 1459
1432 657
848 957
1459 1660
1660 1459
1459 1660
1459 1836
114 1074
114 1512
114 1874
479 1234
1877 769
1472 56
1472 185
1472 185
1841 795
742 1877
742 1478
185 1472
1836 1459
1877 742
1664 1877
1664 1430
1430 1664
1430 1689
1478 1879
1478 857
1040 164
1877 1664
164 1040
1512 114
643 614
637 562
673 1210
673 1210
82 1838
296 164
818 1673
1663 552
233 233
164 296
742 1877
1210 673
673 1210
1210 673
673 1210
673 1210
1210 673
1210 673
1466 1270
1466 755
1466 6
1673 818
1877 742
1877 1209
1466 1164
3 1663
538 1783
1746 1757
1877 1673
1663 3
562 1313
562 1313
562 1313
562 637
1861 195
114 1512
1879 693
1877 1770
32 114
555 1256
114 32
32 114
114 32
609 657
32 114
609 1476
114 32
742 1877
32 114
1547 1748
114 32
1483 32
1483 1305
637 562
1256 555
121 1664
1256 844
1256 1705
3 1663
375 375
1003 1878
74 1663
1878 1003
552 1663
1465 1878
552 67
905 155
613 195
1270 161
613 1259
1270 744
1270 1466
1327 1466
1327 325
167 473
67 552
1259 613
1689 1430
1811 1877
100 1466
1811 552
1472 185
32 1270
864 1588
162 1430
815 161
1495 1661
1841 28
119 1289
818 1487
1841 14
6 1466
1841 121
1841 1895
1841 1895
1841 1895
1841 1895
1487 818
552 67
1512 114
1841 1058
1841 1282
552 1811
609 1103
1588 864
1430 162
1430 1689
1120 1859
1841 410
1430 1103
127 1432
1841 795
1841 795
552 127
603 1829
1829 603
603 1829
1495 1512
886 1840
730 200
730 949
730 173
730 315
730 194
730 1895
730 1617
730 1746
1877 730
730 204
730 84
730 1491
730 1073
730 801
730 1847
730 1158
730 1483
730 756
730 758
730 1061
730 622
730 385
730 1437
730 1135
730 851
730 1374
730 667
730 750
730 1823
730 1823
730 1370
730 845
730 923
730 1483
730 1129
730 254
730 994
730 536
730 1636
730 1636
730 160
730 1073
730 1553
730 1553
730 195
730 928
730 63
730 1608
730 471
730 538
730 738
730 1207
730 366
730 99
730 1757
730 118
730 438
730 1809
730 1335
730 195
730 133
730 946
730 868
730 627
730 516
730 536
730 1515
730 1697
730 1227
730 667
730 667
730 135
730 1343
730 268
730 1073
730 1600
730 602
730 602
730 193
730 1893
730 618
730 1819
730 183
730 1809
730 1416
730 1340
730 586
730 1861
730 203
730 1205
730 1877
1877 730
730 1877
1877 730
730 1877
1208 164
1877 1608
1663 552
1663 3
844 1256
67 552
1074 114
84 183
1483 730
755 1466
1256 844
1707 161
1512 1495
1481 1430
1064 1459
552 1663
552 67
127 552
1432 127
67 552
1657 1305
1657 562
56 1811
1657 742
185 1472
1657 1004
1657 361
1657 891
1657 1466
1657 1210
1657 82
1657 1064
1217 1223
673 1210
1270 32
56 1217
1210 673
1210 1657
1657 1210
1217 56
1566 1590
818 1487
818 1673
56 1217
1459 1064
48 1666
1487 818
48 483
673 1210
1477 195
1608 1877
1270 98
1661 1495
1495 1512
516 915
1664 1430
1664 1877
1664 121
1664 32
1664 1830
1432 1256
1512 1495
121 1664
1256 204
1256 1432
32 1664
204 1256
552 127
552 67
552 32
1256 204
32 552
552 32
1877 1305
361 1657
1830 1664
56 1661
1590 1566
1314 1871
1210 673
915 516
552 922
127 1432
127 552
552 127
127 552
552 127
1877 110
1748 1547
204 1256
1657 361
1430 1481
1430 1664
1689 1430
56 201
161 1707
161 1270
678 1735
1664 32
1664 121
1664 1830
1664 1430
98 1270
1830 1664
421 955
1430 1689
1430 1664
1430 48
1430 421
1664 1830
1664 1430
1664 1183
1689 1430
1388 1388
1547 1748
1654 1361
1040 613
644 1074
644 164
682 569
1361 1654
1270 161
1270 58
730 1483
1663 552
1478 801
1478 518
1478 742
67 552
1478 1256
1654 1361
1361 1654
552 1663
552 67
201 56
1472 185
1430 1664
1430 1689
1074 644
162 1430
614 643
569 682
569 266
643 614
643 614
155 1173
155 1512
155 1853
1853 155
1199 1371
1476 1481
1476 609
1748 1547
1414 1013
682 569
673 1210
383 1058
1234 98
48 1430
48 1855
48 1483
1120 1673
1120 1661
1120 1661
1120 1859
1074 644
1689 1430
1617 635
1371 1199
1210 673
673 1210
1478 1199
114 288
673 1751
1064 1657
1064 1459
1459 1064
1830 1664
1205 730
1289 119
1669 603
114 1074
609 1476
54 1487
1483 730
742 1657
195 742
742 195
195 742
614 643
614 643
613 1040
1657 1064
1657 742
742 1657
742 195
1657 742
1300 1074
1300 1074
1300 1074
1074 1300
185 1472
119 1289
3 1663
1495 1512
1472 185
1218 866
569 682
1512 1495
1627 11
1664 1430
1877 1664
1664 1830
1664 1877
1430 162
1430 48
1877 1664
421 1430
1430 421
483 48
1627 756
1430 1689
657 1263
1495 1512
1430 1664
1391 258
1512 1495
82 1657
924 485
795 1841
682 569
730 1483
730 1205
1058 383
1877 730
1877 1058
730 1877
1210 673
1312 1483
1312 755
28 1841
1234 1074
1074 1234
1074 114
818 1673
1689 1430
673 1210
258 1391
569 682
1673 818
1064 1459
1877 1064
1064 1657
1064 1877
1877 1064
1064 1877
288 114
1300 1074
1013 1414
1074 1300
84 614
1430 1689
1243 1243
1217 56
1034 552
1034 1432
114 1074
1871 1314
114 288
1210 673
1210 1209
1209 1210
1209 1210
1210 1209
1209 1210
1209 1877
1468 1483
200 1588
552 1034
673 1210
1210 673
383 1058
383 1058
114 1210
562 637
666 97
1210 1209
682 569
1830 1664
1432 1034
1432 1256
1483 730
1483 1312
1483 859
485 924
1664 1830
1664 1430
1877 1664
1664 1877
1877 1664
1664 1877
1877 1664
1664 1877
1877 1664
1664 1877
1877 1664
1877 1209
92 92
1664 1877
1495 1512
1588 200
1430 1664
161 1270
1164 1466
1164 860
1459 1064
1877 1664
110 1877
957 1794
195 1581
538 1432
1664 1430
1664 1877
195 1103
1841 795
1841 28
552 538
230 230
195 546
1861 1
1259 1664
1864 1837
1864 1569
755 1312
860 1164
744 1270
1855 48
644 1074
1861 1836
1481 1855
1581 195
1058 383
1058 383
730 1483
1660 1459
730 1220
637 562
1074 114
1074 644
1836 1861
1689 1430
1459 1660
1430 1664
1430 1689
538 552
56 288
56 201
56 1217
1270 744
1220 730
1270 161
201 56
673 1210
67 552
1164 860
1256 1432
552 538
552 67
860 1164
562 637
562 1657
67 552
1064 1459
552 67
1210 673
67 552
1660 1459
1459 1064
1459 1660
161 1270
1074 657
1046 485
114 1074
518 1478
552 67
1660 1459
945 1120
1459 1660
1660 1459
1663 3
1459 1660
1830 1664
644 1074
1664 1259
1664 1430
1664 1830
1689 1430
657 1074
1074 657
1476 609
485 1046
1430 1689
657 1074
1363 1495
383 1058
383 1058
1312 755
1663 552
1263 657
1263 657
1811 552
657 1263
1811 56
492 924
1487 818
818 1487
552 1663
552 1811
1689 1430
1263 657
657 1263
1430 1689
473 167
1263 657
1074 114
1074 644
56 1811
1217 56
56 201
56 1217
516 915
1478 742
254 813
637 562
1471 285
1642 278
1689 1430
1064 1459
813 254
1430 1689
562 637
562 957
278 1642
957 562
955 421
562 957
1830 1664
1058 383
1566 1590
1811 552
1811 56
1689 1430
552 1811
56 1811
254 813
614 84
1430 1689
1838 860
1590 1566
383 1058
730 1220
755 730
195 755
84 614
1663 96
1664 1259
1664 1830
566 673
566 1270
844 1811
1811 552
1811 56
1811 844
1811 1877
1334 1363
95 1493
1459 1064
1877 1811
742 1478
1452 1468
1452 330
1259 1664
1120 945
945 1120
1432 1615
164 1208
1064 1459
48 1855
48 1408
1878 114
114 1878
114 1210
1878 114
114 1878
656 716
656 1664
656 716
1878 114
1660 1459
1660 625
421 955
844 1811
552 1811
552 1206
1206 552
1305 383
552 1206
1800 771
730 566
94 48
1210 673
1877 769
1811 1877
1811 844
1811 552
1003 1878
552 1811
1478 742
955 421
1220 730
1840 886
744 1270
673 566
673 1210
195 1064
1370 48
1588 93
1811 552
552 1811
65 67
552 859
859 1483
566 730
566 673
673 566
566 673
673 566
566 92
566 673
673 566
566 673
673 566
566 673
1408 48
673 566
566 673
673 566
566 673
1877 744
673 566
566 673
673 566
673 1361
3 1661
67 65
1370 321
1210 673
1270 744
1270 566
1270 161
421 955
566 1270
1841 28
1841 178
1841 732
1841 28
1841 289
1841 1058
1841 121
1841 1895
1841 1149
1841 504
1841 1585
1841 1318
1794 957
195 566
1710 1660
1664 1259
1664 656
1313 562
1313 562
518 818
56 1811
1829 1811
1494 613
1661 3
1318 1841
1107 1660
730 1220
730 794
730 858
730 1074
730 195
730 1107
231 231
1199 1371
48 1408
114 1074
1270 566
1270 48
1270 1199
1270 859
1270 613
1270 58
1270 1512
1270 1361
1270 1059
1059 1270
1270 1059
1270 91
1270 233
1270 1661
1059 1270
1059 1270
1270 1673
1270 1059
1270 623
1270 97
1059 1270
1512 1270
1270 1059
1270 1512
1059 1270
1270 1059
955 421
1512 1270
1270 1512
1270 1059
1059 1270
1512 1270
656 1664
48 1270
234 234
114 859
114 1512
1512 114
1841 1318
1841 28
1361 673
1361 1270
1209 1877
471 562
1074 114
471 1466
1370 1327
164 1208
229 229
92 566
859 1270
957 1794
957 1794
1220 730
1878 1003
238 238
96 1663
378 378
566 92
201 56
3 48
201 56
1063 312
161 1270
1640 1074
1663 96
1640 1661
1472 182
1640 1218
1640 1218
924 485
1663 1640
195 1472
566 234
924 492
1640 1663
1663 1640
1640 1663
1663 1640
1640 1663
1663 1640
1640 1663
1663 1640
1058 383
1640 1663
195 1058
1640 1663
1663 1640
1074 1640
1663 1640
1640 1663
1640 1663
1640 1074
96 1663
1363 1334
471 201
231 118
92 566
755 1218
755 1414
755 58
755 58
755 58
164 1309
1309 164
1309 1895
730 1220
94 1414
94 1663
94 47
643 164
1289 119
1199 1270
510 568
673 1361
673 1210
673 1209
673 288
164 1309
1220 563
485 924
119 1289
118 231
552 1058
236 236
1370 231
516 1434
516 1642
1865 769
201 471
773 890
1663 94
602 194
195 1859
471 201
1859 195
195 1859
1859 195
201 471
1270 1199
1270 161
1270 859
1270 1361
1270 48
1270 1059
231 1370
231 118
118 231
471 201
201 471
755 164
755 542
1370 231
161 1270
161 730
161 673
161 673
1270 161
232 232
1270 288
1270 1193
1270 232
1270 232
1270 232
1270 232
1270 232
1270 1830
1811 552
1811 56
1811 1829
673 569
673 161
673 1270
1270 673
1270 673
569 673
421 955
673 569
673 232
232 673
673 232
673 1209
1209 673
673 1209
1209 673
492 924
492 1838
673 1209
1209 673
673 1209
1209 673
673 1209
1209 673
673 1209
1209 673
673 1209
1209 673
1209 673
673 1209
673 266
1209 673
1664 656
673 1209
1361 1270
673 1209
1209 673
644 1074
332 1361
945 1453
231 1370
231 118
471 201
848 536
164 1208
471 201
1270 1361
485 924
1270 844
1074 644
566 92
552 1811
1036 237
1318 332
92 566
569 673
755 899
383 1305
383 1058
1158 238
1363 386
1309 1151
1581 1074
730 161
194 602
322 563
563 322
118 231
231 118
1361 1318
1361 1318
1059 1270
1361 332
1064 195
1270 1059
201 471
1074 1581
955 421
1193 1270
1884 1059
94 1663
1468 1452
1270 1193
1581 1309
232 673
1193 1270
471 201
1663 94
1663 96
1059 1884
1059 1270
516 935
516 266
114 1074
1617 409
673 232
566 92
1707 161
266 516
96 1663
673 1209
673 569
673 1512
161 1270
161 1707
161 673
161 730
161 673
1210 673
673 1210
1877 1210
673 161
92 566
1210 673
673 1210
1034 552
1309 1416
1309 1416
552 1034
1432 119
1660 1710
1660 1107
1270 161
161 673
1270 1059
161 1270
625 1660
118 231
678 1827
678 1512
1512 678
421 955
421 194
1841 1895
119 1432
1327 119
952 1270
1309 1634
504 1841
194 421
1074 114
730 563
1210 673
1663 96
1023 1663
94 1663
94 757
94 757
94 757
94 1210
94 1454
231 1370
201 471
1209 673
1581 1074
1074 1581
1370 231
1581 1074
471 201
1707 161
158 1707
1707 158
1454 94
94 1454
1363 473
479 361
1663 1023
1663 94
1059 1270
1220 563
952 949
952 16
361 479
516 1599
421 194
516 266
516 899
516 568
1210 94
231 1370
566 92
1855 1481
409 1617
1270 952
1270 161
1270 1059
164 1270
161 1270
161 1707
194 421
96 1663
1877 1059
1877 562
562 1877
1877 562
562 1877
1877 562
562 1877
562 1313
1877 562
562 1877
1877 562
625 1047
201 471
92 566
848 536
1663 96
1107 1660
28 315
119 858
661 1444
1884 1059
1884 1059
955 421
485 924
1270 161
1270 164
566 92
924 485
164 1270
485 924
1622 1430
1218 1640
1811 552
1811 56
1829 119
471 201
552 1811
231 1370
1363 1836
114 1074
563 1220
858 119
1430 1622
730 1483
563 48
161 1270
92 566
1023 1663
1371 1199
119 1829
201 471
421 955
1370 231
1363 1783
1363 270
1663 1023
1212 1811
1829 119
1363 238
890 773
1841 504
1877 361
1270 164
1270 161
1661 1424
1444 803
1444 803
231 1370
164 1270
563 1220
730 563
563 730
563 730
1836 1363
730 563
563 730
730 563
361 1877
48 563
673 1209
673 1210
673 161
1209 673
985 928
1220 563
563 1220
1270 164
1270 1361
164 1270
1270 164
957 1892
1059 1877
1059 1884
673 1209
471 201
201 471
1210 673
1664 562
1664 1003
1877 361
1495 569
1289 1144
1363 1836
118 231
673 1210
1416 1309
1209 673
1313 562
1660 1107
1660 204
1483 730
312 1063
1861 1355
1355 1861
1861 1355
1861 859
376 376
1660 1757
566 92
1660 1304
1304 1660
569 1495
161 673
1660 1304
161 1270
1107 1660
1107 1666
1107 1144
1107 11
1208 164
893 235
22 28
22 790
22 1414
1468 1861
11 1107
1640 1218
238 1363
1640 1218
238 1158
1827 678
1270 161
1270 755
955 421
1361 1861
238 1363
231 118
119 1829
1877 87
67 1855
1855 67
1673 818
755 1270
755 236
755 229
755 230
755 233
755 1661
1164 1466
1107 1417
1363 238
730 1483
730 1483
164 1208
1210 673
1314 1871
94 1663
94 1210
1454 94
1660 1107
118 231
1074 1581
1074 114
1164 755
1164 860
1811 552
67 1855
1811 1212
1877 1811
330 92
238 1363
552 1811
818 1673
231 118
231 1370
231 1370
1673 818
1220 563
1622 1836
563 1220
118 231
43 1414
43 67
43 1861
43 1663
1370 231
67 43
1663 43
1663 94
673 1210
673 161
673 1210
94 1663
94 1512
1663 94
94 1663
635 1617
755 1417
1512 94
94 1512
471 201
1512 94
43 1663
43 67
1063 312
562 1664
562 1313
67 43
161 673
1313 562
673 161
161 673
161 1270
673 161
1581 1074
161 673
673 161
161 673
1212 1811
114 1074
1663 94
1663 43
114 1210
673 161
673 1209
673 1663
673 1074
1209 114
1663 673
673 1663
1663 673
673 1663
1829 119
1663 673
1757 1660
161 673
1210 673
1210 94
1210 673
899 67
1859 1430
673 1663
673 1210
673 161
1074 673
673 1074
673 755
67 899
67 1855
231 118
92 566
1270 161
1309 931
1663 673
204 1660
1483 730
161 673
161 1270
1270 161
1483 1164
541 1483
161 1270
1483 541
1270 161
1483 1270
1270 1483
1270 1483
541 1483
161 1270
1270 161
161 1270
161 1270
1270 161
1270 161
1270 161
161 1270
161 1270
1270 161
1270 161
161 1270
1270 161
1270 161
1270 931
566 92
56 1811
119 1829
56 201
231 1370
755 376
1855 67
1120 1740
1120 1468
1120 1661
43 1663
43 67
730 1483
43 67
373 373
43 67
43 1878
1120 1547
1120 1859
94 1512
94 1454
94 1663
94 1210
1074 673
1074 114
67 1855
67 43
1180 1074
1074 1180
1180 1074
1074 1180
1210 94
1210 673
43 67
755 183
755 183
43 889
43 1721
1663 43
1663 94
1180 1663
43 1663
1663 1180
1180 1663
1663 43
1663 1180
1180 1663
43 1663
1663 1180
1663 43
43 1663
1663 92
43 1878
1663 43
43 48
43 1663
43 1666
1663 43
43 1663
43 931
43 1859
43 1878
1663 43
43 611
43 1663
43 1270
1663 43
118 231
1859 43
118 375
1313 562
43 1859
43 1663
56 965
94 1663
673 1210
673 1074
1430 1859
1074 673
421 955
955 421
1877 87
67 43
1370 231
31 31
375 118
931 1270
931 1309
931 43
114 1209
371 371
114 84
1199 1371
28 22
1270 931
1270 1512
931 1270
1878 43
118 375
1663 43
1663 94
673 1074
1210 1209
58 1270
1003 1664
1334 1363
231 1370
231 187
1334 1363
1874 1074
1512 1270
1877 1034
43 67
43 931
43 1878
43 1663
1034 1877
1877 1034
201 471
931 43
492 378
1432 43
378 492
1432 931
1483 1270
1877 769
755 1164
1877 518
1483 1270
1483 1270
1483 673
518 1877
1209 1210
1363 1334
361 1877
361 1493
1664 1003
1432 1532
1878 43
755 319
755 1878
1180 319
67 43
899 1209
859 1270
859 1861
1878 755
67 1855
1783 1686
1013 1414
755 1608
421 955
471 201
1209 899
755 1312
1327 1363
1877 485
955 421
1859 1430
377 377
1120 566
377 338
479 361
1608 755
1210 1209
1074 673
1210 1608
94 1663
613 1494
94 1755
94 1755
94 1755
94 1755
94 635
94 635
94 635
94 635
94 518
94 518
492 378
1270 1483
1270 859
751 1657
563 1220
1270 58
1270 1512
1270 931
931 1432
931 1270
1608 1210
92 566
92 1663
1663 92
1663 94
421 955
551 1158
551 566
551 1512
1270 931
931 1270
931 1270
94 1663
516 1217
1811 552
1884 1059
1884 1059
955 421
338 377
1811 1212
536 848
1180 492
1811 56
1811 1877
254 1493
201 56
254 372
485 1877
1210 1608
288 1270
288 673
288 56
552 1811
1270 288
899 1209
1059 1884
67 1855
92 1663
378 492
201 471
541 1040
1003 1664
1363 1327
1811 552
1663 92
377 338
1417 1107
1417 755
1180 1417
1417 1180
1363 377
1180 1417
1327 1363
231 552
657 1074
552 1811
552 231
1040 541
1363 1327
848 536
380 380
678 1512
678 1827
1327 1363
989 371
87 1877
1855 67
374 374
1493 361
1493 254
361 479
1107 1660
1107 1417
421 955
755 1417
755 374
755 371
755 373
755 373
755 376
1270 1209
1270 1209
1270 1209
1270 1209
1270 1209
755 1270
1512 1270
380 555
563 379
1454 94
231 552
538 1852
1483 859
955 421
1483 1468
1483 174
94 1454
1660 1107
1660 204
492 378
1074 657
492 1180
183 84
67 1855
1006 254
84 114
84 183
1006 541
1617 635
56 288
56 1859
118 1483
1811 552
1852 538
1270 1512
552 231
552 1811
1270 1483
114 84
518 94
1859 56
94 518
518 94
421 955
1039 1537
1220 563
94 518
378 492
563 1220
563 1220
1209 1270
1209 1270
1209 1270
1209 1270
1209 1270
262 1728
538 1852
94 1878
254 1006
254 1493
92 1663
1878 94
518 94
1454 94
67 1006
1664 1003
1640 1218
1483 118
1483 1270
43 67
1663 92
43 931
204 1660
43 67
1852 43
43 1852
67 43
43 67
43 771
67 43
43 67
43 1361
1361 43
43 1361
67 43
43 67
492 378
378 492
1827 678
67 43
43 67
1877 1442
656 1442
1442 656
67 43
43 67
678 1827
678 1209
43 678
1180 890
890 1180
678 1209
1180 890
678 890
1209 678
890 1180
1180 890
678 1209
678 1209
890 1180
890 1180
1180 890
931 1370
890 1180
1180 890
31 1361
1512 1270
43 74
43 74
1074 1180
955 421
377 1363
1363 377
1841 1442
1861 1361
1861 43
94 1454
1210 1209
94 1210
1210 94
94 1878
94 1210
1196 393
1180 1074
1811 552
183 84
552 1811
1270 1512
1859 1487
1074 1180
1487 1859
1209 678
1209 1270
1209 1210
678 1209
1371 1199
492 378
43 1861
84 114
673 288
673 1074
673 1663
673 161
673 1209
673 1210
1210 673
1209 673
516 375
1209 678
1705 1256
673 1209
673 1210
378 492
1270 1209
1006 254
1006 254
1466 6
1006 1466
1466 1270
1466 1006
1006 1466
1466 1006
1466 1006
1006 1466
1006 1466
1466 1006
1006 1466
114 84
1466 1006
678 1209
67 114
84 114
1466 6
67 1006
1370 931
1660 204
1660 1892
1209 678
1209 1270
931 1370
1209 67
67 1209
1827 678
134 1744
134 1744
134 1744
1209 67
74 43
678 1827
678 1209
185 1074
479 361
7 848
204 1660
1209 678
375 516
371 755
371 989
43 74
1877 371
371 1877
1327 1466
552 945
678 1209
552 769
552 375
552 1829
541 1006
1877 371
848 7
1617 794
1660 204
