1483 673
1811 1877
1811 43
1811 1478
1414 253
1811 552
1811 1212
1288 1006
1288 1487
1288 1610
67 1610
1610 1288
552 1811
1847 162
43 1811
1892 352
135 1288
471 201
1505 524
1608 919
1864 701
1864 454
1864 200
1864 200
1864 200
1864 200
1864 200
1864 200
1877 1064
673 1483
1610 1477
1497 266
272 1497
1483 700
1877 1034
201 471
352 1892
406 1588
1107 1666
1023 901
1477 1610
1212 1811
673 1124
1164 67
751 1063
1610 1477
1610 278
769 1287
1477 1610
1825 272
1407 1795
779 94
11 1107
1610 1477
421 1847
1478 1811
1847 421
1124 673
94 779
401 479
536 848
1477 1610
278 1313
1610 1477
643 576
67 1164
957 176
1497 266
266 1497
1778 552
195 1481
1477 1610
1063 751
552 1778
1610 1477
1588 406
56 463
1581 1588
67 1610
1610 67
67 1610
67 1610
67 424
424 67
424 67
67 424
67 424
424 67
67 424
424 67
1478 767
67 424
424 67
67 424
67 1408
516 1661
406 371
67 424
848 536
1477 1610
1610 1477
1610 1322
1497 266
272 767
421 1847
278 161
67 1610
751 1063
1334 516
406 1588
164 1208
884 524
1063 751
1334 278
278 1334
1334 278
278 1334
1334 278
340 1466
1666 1107
682 569
56 67
1779 355
524 1505
266 1497
516 43
516 1483
1811 1212
1811 552
1811 1478
577 577
1164 67
273 730
67 56
67 1164
43 516
1483 516
552 1811
552 577
577 552
552 577
567 471
1334 1483
773 890
273 730
273 730
1847 421
1847 361
471 567
454 1864
454 1745
454 1483
1208 164
67 65
67 497
67 673
497 67
67 497
361 1847
65 67
890 773
67 65
272 1334
272 67
67 272
67 1610
1497 266
1483 1334
1483 454
454 1483
673 577
1034 1478
1124 673
1034 1877
1004 1171
1034 552
1004 959
272 538
611 94
1334 1483
1334 272
779 94
273 730
552 1034
47 94
47 1046
47 1046
1408 67
94 779
673 1124
231 118
919 1608
769 176
114 653
1483 1334
1483 577
1478 1034
1478 1811
1478 577
56 67
56 1797
1334 1483
779 94
1588 1581
1588 406
67 1408
67 56
56 67
755 1483
1370 278
1370 1250
67 56
355 1779
94 779
1581 1588
406 919
1462 1483
67 1897
1483 1462
1483 755
1588 1581
56 67
28 1182
67 56
1234 860
479 1234
751 1063
406 1588
1588 406
406 1588
56 67
673 1210
730 1487
730 1859
273 730
273 730
273 730
1462 1483
625 524
563 730
273 730
1483 1462
1468 1478
1210 673
185 1334
1164 67
976 976
185 483
185 483
516 1483
516 43
516 1610
1581 1588
483 185
185 483
1610 516
1289 119
119 1454
1454 56
1454 119
538 272
273 730
273 730
272 538
1588 406
1588 1581
1841 574
185 532
43 516
119 1454
67 56
67 1164
755 795
1034 552
1034 1877
666 1590
1877 1034
552 1034
516 43
1478 1468
1874 755
1778 552
1120 1859
569 682
483 185
1207 742
779 94
1505 524
1590 666
161 278
1334 1454
185 483
56 67
185 254
1313 278
185 1663
185 1313
185 1313
1313 185
185 1313
1313 185
742 1207
272 742
742 272
1462 275
67 56
185 67
538 272
1797 56
856 1334
1334 856
1454 1334
94 779
275 119
361 1370
1663 185
1663 1610
1610 1663
552 856
1610 1663
1663 1610
1663 1610
185 1663
272 538
1731 1454
1663 185
538 272
195 890
185 1663
185 1663
272 538
84 183
67 185
1207 742
185 67
532 185
1454 1731
1483 516
272 254
687 272
427 1472
421 1847
1270 1663
890 195
1363 1852
1847 421
779 94
278 161
1610 32
1610 32
67 1610
1731 1454
1610 32
1852 1363
43 516
67 43
950 1874
1107 1666
119 275
43 67
755 462
1769 1724
1724 1769
538 272
1745 454
1107 1874
74 1374
1034 1877
1034 552
1454 1731
730 1483
1731 1454
552 1034
56 67
56 1797
56 1811
1663 1270
1663 185
67 56
94 47
272 538
755 1454
94 779
1487 1288
779 94
185 1663
254 272
1454 755
516 139
673 1210
577 1483
673 67
67 673
577 1478
1483 730
673 67
577 673
185 1663
94 779
67 673
1112 1313
43 577
742 1207
1210 673
43 67
67 43
56 67
67 56
56 67
577 43
463 56
67 56
272 254
1877 1034
577 98
43 577
43 67
577 43
43 577
1731 1454
1610 32
755 1312
185 33
33 185
1472 427
185 33
1300 1074
185 33
1300 1074
185 1472
185 53
1724 1417
1778 1300
538 272
1300 1778
1417 1724
1074 1300
1478 577
1288 1610
1288 135
1288 1487
844 32
1663 185
32 1610
32 844
254 1493
755 577
755 1454
1454 1731
1454 755
755 1454
1493 254
1454 755
1300 1074
185 1663
185 1663
1663 185
185 1663
98 577
1322 1610
33 185
67 33
901 1023
67 521
1313 1112
1313 1112
1487 1288
1778 1300
1778 1784
272 538
272 577
1459 1761
577 272
254 1493
538 272
1499 1538
272 577
272 538
1288 1487
1288 1483
1288 1859
844 32
185 33
1493 254
1483 1288
755 1483
406 1588
1724 1417
563 1220
563 1537
1312 755
94 1312
254 1493
1300 1778
1483 755
94 67
579 579
67 94
94 67
577 272
1288 1483
538 272
1811 56
272 577
1811 1478
1478 1811
67 94
94 67
67 94
94 67
67 94
94 67
185 67
67 185
185 67
1537 563
67 185
185 67
94 67
67 185
67 94
94 67
67 94
94 67
67 94
185 67
67 185
185 67
1483 1288
67 185
67 424
185 67
1811 100
1478 1210
563 1537
1769 1724
454 1745
1046 47
1663 92
1034 1877
1312 94
1670 1670
7 1074
94 1312
1074 7
1537 563
1220 563
74 1811
67 74
1778 1300
516 692
7 1811
92 1663
575 575
844 614
563 1220
1811 74
1811 7
94 575
848 580
848 1670
1312 94
471 1380
1164 67
1164 1312
254 1069
32 844
1861 742
1861 1074
1663 92
1663 185
1663 92
755 1454
185 1663
1590 1210
1417 1724
1312 1164
844 32
1610 32
361 1847
1707 161
657 1074
1877 1034
176 769
578 578
578 1872
578 1349
578 502
578 172
578 569
578 254
578 185
578 1636
578 258
185 578
185 578
68 94
578 185
185 578
578 185
56 1454
185 578
578 185
185 578
56 463
56 67
67 56
56 67
67 56
56 67
578 185
578 1284
56 1811
56 965
135 579
74 67
567 471
1234 865
74 1811
118 231
1234 1210
67 74
1210 1590
1210 1234
779 94
258 578
185 578
92 1663
92 1663
92 1663
1761 1459
755 1312
1034 1877
1148 791
1148 1034
1034 1148
1847 361
100 1811
1312 755
32 844
32 1610
563 65
563 1220
65 563
94 779
94 1312
94 68
1220 563
65 1220
1220 65
65 1220
74 67
1220 65
65 1220
1220 65
65 1220
1220 65
67 74
957 1874
74 67
67 74
67 74
74 67
65 1220
755 1312
67 6
6 67
183 84
67 6
471 201
67 1006
67 471
1006 67
67 1006
67 873
564 730
33 873
1312 755
1312 94
1312 755
67 43
730 564
730 564
563 1220
1663 92
254 362
67 344
67 56
94 33
56 67
94 1312
1811 100
1811 74
121 1478
1811 56
552 1811
563 65
563 1537
254 56
272 1417
1074 1861
1074 657
742 1861
344 67
67 344
461 1859
1234 1210
578 411
461 460
1574 67
1478 1102
67 1574
67 1831
33 94
421 746
421 493
421 171
564 730
1859 563
563 1859
1859 563
563 1859
582 582
1859 563
1459 848
656 722
656 1664
1483 582
578 185
583 583
848 1459
185 578
1380 1006
563 1859
1590 1210
43 67
730 1671
844 32
100 1811
411 578
94 421
516 1636
409 1478
1666 1107
536 848
770 1537
1006 1380
94 33
74 1811
1478 121
1478 409
1478 35
1312 1478
375 516
1210 1590
1074 1617
1270 1663
1270 84
1270 1361
1270 1361
1270 1361
1270 1361
1270 1059
1270 583
1270 583
1811 74
1811 100
185 67
67 185
1811 552
1478 1312
100 1811
1478 1805
74 1811
185 67
779 94
1617 1074
1074 1617
1663 1270
1861 1074
493 421
1006 787
1006 426
100 1811
254 1724
1617 1074
94 779
1022 742
1022 1483
583 1270
657 1074
583 135
1300 1778
67 185
185 67
67 185
185 67
493 583
583 493
493 583
583 493
493 583
583 493
493 583
779 94
185 67
67 185
67 185
185 67
67 185
185 67
185 67
67 185
67 185
185 67
185 67
67 185
67 185
583 493
185 67
67 185
1459 848
185 67
185 67
67 3
67 185
185 67
67 185
67 1006
67 493
185 67
67 185
493 67
67 493
185 67
219 1663
493 67
185 67
1663 219
742 1022
421 493
493 421
1895 6
1210 563
666 1375
1454 56
666 1590
94 779
563 1210
1574 67
94 1874
272 411
135 583
1574 411
135 583
1240 1240
1288 1483
1478 583
1590 1210
1288 1006
1874 94
1102 1478
67 493
67 185
67 185
67 1574
56 254
33 94
56 1671
848 536
139 516
552 1811
94 1874
94 33
1811 74
185 67
1074 1617
1074 657
33 94
185 33
33 185
1617 1074
94 33
1617 1874
185 33
1478 1102
1210 1590
1210 563
1617 45
1617 1686
1807 865
1046 47
583 135
74 1811
67 185
471 67
411 272
411 1574
570 74
361 1847
1375 666
1074 1861
1847 361
254 56
56 583
56 254
56 1811
1811 74
1811 56
68 94
1872 578
1074 1617
1872 578
272 188
94 68
33 94
33 185
121 1478
779 94
1709 33
1709 779
1709 1827
1709 201
272 1671
1874 1069
94 33
94 779
67 471
67 1304
185 67
185 33
931 865
1006 1288
1724 254
1417 272
135 583
254 56
254 1724
56 336
56 254
1483 1288
254 56
421 493
779 94
779 1709
1472 185
578 1872
185 1472
185 578
383 1305
578 185
1590 1210
361 1847
94 67
516 139
1847 361
536 848
185 578
536 185
848 536
848 1459
848 536
33 1709
33 94
33 185
1617 1074
1478 121
473 524
1590 1210
1059 1270
1590 666
67 94
67 1852
1852 67
67 1852
219 569
67 1852
1852 67
67 1852
67 1006
67 369
67 1852
1852 67
1852 67
67 1852
67 1852
94 67
1852 67
67 94
67 1852
94 33
94 67
1852 67
67 1852
67 94
94 779
94 67
1210 1590
1210 1590
773 890
583 135
583 56
583 483
773 583
583 773
135 583
773 583
773 1224
67 65
1778 1300
67 1852
1852 67
67 1852
1852 67
67 1852
1852 67
67 1852
1852 67
1852 67
67 1852
67 56
1852 67
67 1852
67 1006
1852 67
67 1852
67 1878
1878 67
1852 67
67 1852
1878 43
1852 67
67 1878
67 1852
1852 67
361 1847
67 1852
43 1878
1852 67
67 1852
1852 67
185 33
185 536
1852 67
344 67
67 1852
67 344
67 1852
67 473
1270 1663
1270 583
614 844
353 1455
344 518
353 1466
353 1026
518 344
1663 1270
353 1786
353 1218
33 185
33 94
673 577
185 33
673 67
1270 1663
673 1663
1270 1059
673 1103
353 33
353 215
33 353
33 185
353 33
185 33
353 1312
1590 1210
353 78
578 583
1709 919
1709 33
1709 779
1709 518
6 1895
746 421
1874 1617
1663 1270
1663 673
67 673
1459 1671
1107 1666
577 673
33 353
33 185
33 1709
185 33
1617 1874
1074 1617
1617 1074
33 185
653 114
67 1610
1610 67
1059 1270
1617 1580
185 33
569 219
1361 1270
1069 1874
965 56
56 965
56 583
965 56
56 1454
965 3
56 965
1069 1874
965 56
56 965
67 1610
1481 493
1481 743
1208 164
1610 43
779 94
779 1709
94 779
1827 1709
94 33
1827 1709
1827 1270
33 185
33 94
94 33
67 1600
518 1709
518 344
67 1069
67 1617
1617 67
67 1617
185 33
344 518
919 335
344 67
67 344
67 185
185 67
33 94
33 185
56 254
185 33
185 67
185 67
43 1610
43 577
1312 353
600 945
353 1312
536 1334
1341 162
1341 1256
1341 1256
121 1478
1874 1617
538 272
945 600
94 33
32 844
1074 1617
67 185
67 103
33 185
33 94
1220 563
1220 563
94 33
1478 121
183 84
121 1478
74 1811
74 570
1478 1210
254 56
1617 1874
1617 1074
483 583
1417 120
1847 1481
67 267
67 1852
67 74
1852 67
583 578
67 1852
583 773
1852 67
583 56
583 483
1852 67
272 538
1481 1478
67 1852
67 1852
67 1852
1852 67
67 1852
1852 67
67 1852
1852 67
1852 67
1852 67
67 1852
67 1852
1852 67
67 1852
1852 67
67 1852
1852 67
67 1852
1852 67
67 1852
1852 67
67 1852
1852 67
67 1852
1852 67
1006 67
67 1852
67 1006
1006 67
67 1006
1852 67
67 1852
1852 67
67 1852
1852 67
67 1852
1852 67
67 1852
1852 67
56 583
56 254
67 1852
56 976
56 579
56 716
56 236
1525 1525
1478 1481
67 447
103 67
818 563
818 54
818 1334
563 1220
563 1220
563 818
563 1220
254 56
68 3
185 1872
1872 185
185 1872
1872 185
185 1872
1872 185
1210 1478
185 1872
1872 185
185 1872
1872 185
185 1872
1872 185
58 1660
1218 353
1466 353
1481 1847
1481 1478
1580 1617
1220 563
1877 1064
324 324
114 653
114 1074
578 890
741 569
860 595
272 65
1481 578
975 975
3 68
56 975
1617 1580
1580 1617
981 981
1617 1580
826 826
982 982
982 583
982 981
982 975
979 979
600 945
825 825
828 828
67 103
1847 1481
1847 1481
779 94
188 272
569 741
56 1811
74 67
741 569
406 1588
65 272
980 980
1859 980
67 74
185 860
185 860
67 185
185 67
67 185
185 860
185 67
185 67
67 185
67 185
67 1748
67 92
185 67
1245 1245
67 185
185 67
67 185
1811 56
67 1600
67 185
185 67
185 67
67 185
185 67
67 185
185 67
185 67
67 185
67 185
185 67
67 185
185 67
67 185
185 67
67 185
185 67
67 185
185 67
67 185
185 67
67 185
185 67
67 185
185 67
67 185
185 67
67 185
185 67
185 67
67 185
185 67
67 185
185 67
185 67
67 185
67 185
185 67
67 185
67 22
185 67
67 185
185 67
323 323
1454 56
1478 979
827 827
1478 324
92 67
1069 567
56 323
1859 825
1859 826
569 741
447 67
67 447
860 185
860 185
860 185
185 860
185 860
185 860
1481 1847
324 1478
827 1859
1242 1242
1895 6
1627 11
1847 979
1847 324
1847 58
1847 828
1478 324
1478 1481
1074 1617
201 471
94 779
773 583
773 890
829 829
92 981
1478 1417
521 67
471 201
827 1608
353 1497
1859 827
890 773
1069 1417
829 438
67 521
67 1892
147 1074
67 353
504 1841
353 732
830 830
873 67
67 873
873 67
563 730
563 730
1417 1069
1417 118
1074 147
1872 578
74 67
100 1811
1847 119
438 829
438 1663
742 536
67 873
67 74
1608 827
818 563
1892 67
1892 67
1811 100
100 1811
1663 438
1664 656
1748 67
118 1417
1478 830
438 1663
296 43
296 1223
832 832
161 1797
58 1847
1239 1239
1069 1827
563 818
1617 1074
67 1892
67 1892
67 1748
1811 100
1069 1874
1069 1663
1497 353
1069 891
1089 1089
1069 749
1663 1069
1663 438
1069 1663
1663 1069
827 1608
254 1040
1040 254
1246 1246
353 1416
1417 118
438 1663
1574 1487
1574 1487
1574 67
67 1574
67 1574
1574 295
1574 1312
1574 859
147 1074
324 1478
823 823
1608 827
43 296
1478 324
773 890
1892 67
563 65
1663 438
438 1663
65 563
831 831
1663 438
536 742
1483 831
1483 832
67 1892
827 33
742 536
827 742
353 931
353 823
353 229
1861 742
1237 1237
1094 1094
1827 1069
438 1663
742 1861
742 827
353 569
33 827
33 1574
620 84
1468 521
1069 1001
524 473
524 1505
824 824
1617 635
56 824
824 56
56 824
824 56
56 824
824 56
56 824
353 824
824 56
824 353
67 56
56 824
56 67
67 56
824 56
563 65
56 824
824 56
56 824
824 56
56 824
824 56
569 353
848 1847
1238 1238
1238 1063
1478 1237
254 1040
1006 824
673 577
673 1663
949 1391
827 33
1006 67
33 827
824 1006
67 1006
67 1240
827 254
567 1069
1663 438
827 33
1069 567
67 185
185 67
67 185
185 67
185 67
1270 1827
899 254
1270 1059
56 254
1270 1663
1270 1361
56 1454
254 56
254 56
56 1811
56 254
56 254
254 56
56 254
353 824
56 254
67 185
67 555
185 67
1505 524
33 1574
1006 824
1408 1666
67 33
1797 161
1827 1270
7 324
353 1104
1040 254
578 1481
185 595
1244 1244
578 1239
1270 1827
563 1220
824 353
824 1006
1238 1646
779 94
353 824
353 569
353 1497
353 33
324 7
324 1478
7 324
824 353
569 353
353 569
33 353
1059 1270
1241 1241
536 1847
1270 1059
1577 181
1663 1270
67 43
67 1852
67 185
1852 67
67 56
67 1852
67 1852
1852 67
67 1852
1852 67
67 1852
1852 67
185 67
67 1852
67 185
1852 67
185 67
67 1852
67 185
67 741
1852 67
67 1852
1852 67
67 1240
67 1852
741 67
1852 67
67 741
67 1852
1852 67
67 1852
741 67
67 65
67 741
741 569
741 67
741 67
1852 67
67 1242
67 741
67 741
67 1852
1852 67
67 1242
67 1852
1852 67
67 114
67 1852
1852 67
67 1852
1852 67
67 1852
1852 67
353 1554
67 1852
67 1006
1006 824
1006 67
67 1006
1852 67
67 1852
1006 67
1852 67
67 1006
67 1852
1006 67
1852 67
65 67
67 1006
67 1852
67 65
1852 67
67 1852
1852 67
67 1852
1852 67
67 1852
1852 67
67 1852
1852 67
67 1852
1852 67
67 1852
1852 67
1478 324
1478 1241
67 1852
1852 67
1312 1574
67 1852
1852 67
67 1852
1852 67
67 1852
1852 67
67 1852
1852 67
67 1852
1852 67
67 1852
1852 67
67 1852
1852 67
67 1852
94 779
1852 67
67 1852
67 1244
1852 67
67 1852
1244 67
1852 67
67 1244
1244 67
67 1852
67 1244
1852 67
67 1852
1244 67
1852 67
67 1244
67 1852
1244 67
1244 67
1852 67
67 1244
67 1244
67 1852
1244 67
1852 67
1244 67
67 1244
67 1852
67 1244
1244 67
1852 67
67 1244
67 1852
1244 67
521 1468
1244 67
67 1244
67 1244
67 521
1244 67
67 1244
1244 67
1244 67
67 1244
67 1244
1244 67
1244 67
67 1244
1244 67
67 1244
67 1244
1244 67
1244 67
67 1244
67 1244
1244 67
67 1244
1244 67
67 1244
1244 67
1244 67
1852 67
67 1852
1852 67
67 1852
1852 67
1852 67
67 1852
1483 1312
569 741
569 353
1240 67
67 1240
538 272
773 1322
773 583
1827 1270
185 67
344 67
272 538
848 536
824 1006
119 1847
67 185
67 344
1256 1243
1897 1481
1897 1462
1462 1897
56 67
1270 1827
1006 824
742 733
742 578
67 56
353 569
185 67
1408 1246
1472 185
185 1472
1245 1240
1240 1245
824 1006
563 1487
67 1244
1487 563
1095 1095
563 1487
1487 563
1270 1663
1478 319
272 1335
1246 1408
1312 1483
1312 1483
1246 1408
1246 1466
219 161
100 1811
1478 1095
563 1220
578 742
1483 1312
411 719
1220 563
1416 353
1416 1246
74 67
742 578
1059 1270
1497 353
56 67
931 353
67 56
185 67
1270 1059
1270 1547
1270 1282
67 185
1270 289
67 471
67 1240
67 33
185 67
67 185
185 67
67 185
33 67
185 67
67 33
67 353
185 67
33 67
67 185
67 33
33 67
67 33
1312 1483
67 33
67 378
1608 1210
1096 1096
67 471
471 67
471 67
67 471
67 471
471 67
67 1335
471 67
67 471
471 67
471 67
67 471
67 471
67 1246
471 67
1246 67
288 1210
1246 1416
471 67
67 471
67 1246
471 67
67 471
67 471
1246 67
67 1246
67 1096
471 67
1096 67
67 471
1246 67
67 1096
67 1246
1096 67
67 1096
1096 67
67 1096
1096 67
67 1096
1246 67
471 67
67 1246
67 471
471 67
67 471
1246 67
471 67
67 1246
67 471
1246 67
67 1246
471 67
67 471
1246 67
67 1246
471 67
1246 67
67 471
67 1246
471 67
67 471
67 1246
1246 67
471 67
67 1246
67 471
471 67
1811 100
1246 67
67 471
185 67
185 67
67 1246
67 185
67 1246
67 471
185 67
471 67
1093 1093
1093 471
1093 471
1093 1246
578 742
1246 1093
1270 33
657 1074
1063 1238
1468 521
84 620
84 1270
1282 1270
100 1811
600 945
600 1582
600 945
43 67
43 516
1074 657
1270 1282
1270 84
1210 288
1210 1608
1811 100
1006 1416
1006 1554
563 1220
1289 119
567 1069
657 1074
1608 1210
353 1416
353 1416
563 1220
353 931
1827 1270
1069 1827
1069 1827
353 1093
1270 1827
100 1811
1246 1006
67 471
67 1246
33 1270
33 67
67 33
67 1006
67 1006
1220 563
742 578
67 353
67 741
733 742
119 1289
67 555
1246 67
164 1246
1069 1717
84 1270
84 183
742 733
1617 1663
1617 757
1517 1517
1270 33
1270 84
1238 1063
1238 1094
1663 1617
1210 1608
1074 657
1289 119
1483 1334
1483 1847
67 1246
353 67
552 1811
657 1074
67 353
1246 164
536 535
536 848
827 1241
1081 1081
1334 1483
1091 1091
1091 1605
1483 1334
563 1220
578 742
957 176
353 1081
254 1213
176 957
1039 844
1617 1663
1327 1241
67 56
844 1039
164 1246
84 1270
848 536
848 536
254 1069
722 656
33 1270
555 67
1663 1617
67 555
555 67
555 67
844 1093
1617 29
1270 33
1270 84
1847 1483
1847 361
1847 1481
1847 421
1827 1270
1827 1069
1877 1811
67 555
67 555
1478 411
100 1811
1304 67
1516 1516
733 742
742 578
742 733
67 1304
1090 1090
254 1244
1617 757
1234 1874
1234 1797
33 1270
1384 1384
656 722
1059 1270
1874 1234
733 742
578 742
1877 1874
362 254
1874 1877
1518 1518
164 1877
1270 33
1270 1059
377 1334
1244 1455
1244 229
1877 164
1334 377
411 1478
67 1309
1478 411
1242 67
378 67
1242 67
1242 67
164 1877
254 362
1877 1034
33 1270
1256 1430
742 578
67 378
67 1242
67 1242
67 1242
67 1852
67 1270
563 1220
1430 1256
1478 742
1478 1256
74 67
1039 844
67 74
411 1478
1524 1524
1241 1327
1241 827
1270 67
673 1210
1242 67
555 1493
119 1289
67 1270
67 1242
578 742
1098 1098
161 219
1210 673
1519 1519
1327 1241
1244 979
1244 1149
263 1036
1852 67
1459 952
1241 1327
1478 1138
1478 411
1617 1874
74 67
1270 67
1270 33
1663 1270
1327 1241
1466 1246
1224 773
773 1224
84 1270
67 1852
67 74
67 1270
1852 67
67 1852
1074 657
827 1241
1289 119
673 1210
1089 1241
67 74
1811 100
74 67
67 74
67 74
74 67
67 74
74 67
1811 552
1811 1877
1811 56
114 67
411 1478
427 1874
1874 1617
1493 555
1416 353
552 1811
1478 411
844 33
1270 67
56 1241
1270 84
418 1417
33 1270
33 844
67 1270
742 578
1892 67
67 1892
1874 1617
844 33
361 1847
1617 1874
563 1220
1520 1520
353 1797
1095 1478
272 1608
1617 1074
1327 1090
1309 1874
905 1240
1582 600
103 1497
600 1582
411 1478
1877 411
1847 361
1220 563
657 1074
272 254
563 1220
1240 905
33 844
1877 1811
1877 1034
1877 562
562 1877
1877 562
1811 1877
1877 1811
119 1289
1242 254
1478 1095
54 67
67 54
204 524
1877 928
353 1081
1074 1617
254 1242
1074 657
928 1877
1089 1124
1089 1074
1089 928
1892 67
1220 563
657 1074
1242 254
1098 1242
1098 1241
67 1892
578 742
493 421
493 1481
1074 1089
1074 657
860 1098
411 1877
657 1074
1098 860
1617 1874
1074 657
742 578
563 1220
67 1244
67 741
33 67
67 33
33 67
860 1098
33 67
67 33
67 33
33 67
1877 411
1124 1089
7 1892
578 1892
578 742
1242 1098
100 1811
1270 67
1089 1124
1089 1074
67 1270
1074 1089
1220 563
353 1416
1874 1617
1466 353
742 578
1608 272
1270 67
377 121
1892 7
1892 578
411 1877
254 1335
1124 1089
67 1270
578 1892
578 742
578 411
742 578
411 578
361 1847
1852 67
1852 67
827 254
578 742
578 411
1892 578
578 1892
7 1892
383 1305
1861 1627
254 827
1289 119
1877 411
1877 1782
1478 1084
742 578
1089 1124
1244 1124
1124 1089
1124 1244
1244 1124
1124 1244
1244 1124
1124 1244
1244 1124
1244 1124
1089 1525
1089 1124
957 176
1244 1859
1859 1244
1244 1859
1244 1859
1859 1244
1244 1859
1859 1244
1244 1859
1089 1778
1089 1874
1859 1244
1244 1859
353 1466
67 1852
67 1852
578 1892
411 1877
411 578
1124 1089
176 957
1472 1244
1244 1472
578 411
1472 1244
1244 1472
827 254
1472 1244
1244 1472
1472 1244
1244 1472
1472 1244
1244 1472
1472 1244
1244 1472
1472 1244
1244 1472
1472 1244
1244 1472
1472 1244
1244 1472
1472 1244
1244 1472
1472 1244
1244 1472
1472 1244
1244 1472
1472 1244
1244 1472
1472 1244
1244 1472
1472 1244
1244 1472
1472 1244
1244 1472
1472 1244
1244 1472
1472 1244
1244 1472
1472 1244
1244 1472
563 1220
411 578
1709 1827
1617 1874
1827 1709
7 1811
1874 1617
578 411
1462 1081
1089 1124
1220 563
1124 1089
121 377
1244 1663
1098 1892
1892 578
377 121
1892 1098
1098 1892
438 1663
1524 100
1313 1524
1524 1313
411 578
1877 411
1524 1006
1778 1300
1300 1778
1524 1669
1300 1778
1778 1300
1669 1524
1778 1300
1300 1778
1300 1524
1300 1778
1778 1300
1524 1300
1300 1524
1300 1778
1524 1300
100 1524
1524 100
1300 1524
1778 1300
100 1524
1300 1778
1524 1300
1524 100
1300 1524
1778 1300
1524 1300
1300 1778
1300 1524
1778 1300
1524 1300
100 1524
1300 1778
1300 1524
1778 1300
1300 1778
1778 1300
100 1524
1300 1778
1524 100
1778 1300
1300 1778
1389 1389
1778 1300
1300 1778
1841 1717
1778 1300
1300 1778
1778 1300
1300 1778
1841 1380
1841 1895
1841 1149
1841 979
119 1289
411 1877
1374 74
563 1220
1313 1524
1663 1244
1006 1524
1811 7
1811 100
100 1811
578 1892
1892 578
74 1374
74 1811
563 1537
1244 1663
121 377
1524 1006
1006 1524
578 1892
1046 1015
1046 47
1617 1874
1617 1874
1524 1006
7 1811
1006 1524
1387 1387
1646 1238
678 1523
678 1523
678 1523
1663 438
47 94
47 1046
1877 254
254 1877
1811 100
1811 74
1811 7
1811 43
1522 1522
1213 254
1852 1522
1036 263
74 1811
1521 1521
43 1811
614 742
614 1521
614 1520
614 1519
614 1518
614 1090
614 1081
614 1517
614 1241
614 1095
614 1516
1069 695
1069 411
254 1213
563 1220
1220 563
411 1069
563 1220
1811 74
552 1811
1895 1841
1234 492
1234 492
1234 110
1069 411
1289 119
411 1069
67 1098
742 614
1872 578
609 1387
7 1811
1006 651
535 536
119 1289
1811 7
1098 67
421 493
1069 421
578 1872
1596 1874
1596 710
563 1220
1483 1098
1483 899
1270 67
1270 1663
67 1098
67 1270
1006 1241
1098 1483
1098 67
1478 492
564 563
1827 1538
563 564
1483 1098
67 1098
492 1478
492 1234
1220 563
1300 1074
1300 1241
1300 1327
1098 1483
1098 67
1327 1300
1300 1327
1327 1300
1300 1124
1300 1327
1173 375
1173 375
1173 375
1300 1663
562 471
7 1811
1610 32
1380 114
1074 1300
67 1098
1483 1098
1517 614
471 562
1663 1300
375 1173
1098 67
1098 1483
536 535
536 848
54 518
563 1220
421 1069
1120 1415
562 471
595 185
67 1098
353 1388
1220 563
1098 67
471 562
1481 1897
1481 1847
563 1220
1389 119
1220 563
563 1220
400 1334
67 400
400 67
400 67
1334 400
1390 1390
67 400
1847 1481
1289 119
848 536
1390 336
1390 1124
427 1537
1538 1827
695 1069
1124 1300
1124 1390
1478 492
957 1149
1220 563
272 1380
185 595
595 185
564 563
1709 1827
1300 1124
1709 68
1709 68
1709 68
1069 695
1069 68
1300 1608
1300 1608
1300 1209
1300 1663
1663 1300
1300 1663
1663 1300
1300 1663
1300 1663
377 121
1660 58
110 1234
535 536
563 1220
563 564
695 1069
68 1709
1478 113
1608 1300
253 1414
1811 7
1811 43
1478 609
1478 757
1124 1300
1034 1877
1098 1034
7 1811
43 1811
1138 1478
1877 1034
74 1811
1241 56
552 1811
259 1246
614 1517
609 1478
1827 1709
1827 1538
1081 1462
1383 1383
411 719
463 1089
119 1389
119 1289
695 1069
651 1006
1517 614
1877 566
730 200
730 194
730 195
730 1503
730 1560
730 1510
730 1270
730 195
730 1752
730 1748
730 1073
730 1748
730 995
730 171
730 268
730 366
730 1036
730 366
730 366
730 171
730 90
730 994
730 1581
730 195
730 1826
730 1819
730 3
730 667
730 667
730 1164
730 1821
730 195
730 1491
730 868
730 597
730 1864
730 1188
730 1337
730 1864
730 1203
730 946
730 1289
730 1031
730 1276
730 1750
730 1554
614 1517
532 1516
532 1383
1581 1523
1517 614
552 1811
1427 325
1427 1472
1427 47
1811 7
1811 43
1811 74
1811 552
1209 1300
1472 1427
532 164
1389 119
1158 238
43 1811
532 1149
552 1811
566 1877
1289 119
1663 1270
1852 254
1300 1663
1318 847
119 1289
1300 67
1663 1300
1300 1663
1663 1300
1289 695
1384 891
1476 1084
1084 1476
1084 1478
67 1300
7 1811
563 1220
1300 67
1300 1663
67 1300
695 1289
1300 67
1663 1300
1300 1663
238 1158
1098 164
1098 891
1069 1250
493 421
848 1256
848 536
755 254
1663 1300
1300 1663
1663 1300
1300 1663
1300 1663
1289 695
67 1300
74 1811
1300 67
1884 1059
1811 74
1811 552
1811 56
1300 1124
400 463
400 1124
1478 609
1478 1084
552 1811
7 1256
1344 1256
1270 1663
263 1036
339 201
1663 1300
1089 463
563 1220
1811 552
552 1811
1385 1385
1385 441
1124 400
1124 1300
463 1089
532 1383
1116 1538
810 810
532 1872
1872 532
810 1116
1116 810
400 1872
400 1124
1124 400
400 1124
1124 400
400 1124
1124 400
1124 400
400 95
1381 1381
1220 563
563 1220
848 536
563 1483
730 65
1089 463
1476 1084
56 1811
56 1797
1300 220
1300 1663
1483 563
1220 563
563 1220
468 657
1289 119
54 220
1877 749
818 278
818 1462
1462 818
818 1462
1462 818
818 1462
1220 563
563 1220
931 1478
1769 1084
119 1289
272 119
1220 563
272 1034
278 818
1382 1382
1861 563
563 1220
563 1861
463 1089
1416 1493
1811 56
1811 552
1811 74
1811 43
43 1811
1493 1416
204 742
119 272
1210 1608
1608 1210
1210 1608
1608 1210
1416 1493
742 204
742 204
1478 1811
719 411
1089 463
1478 931
1811 1478
552 1811
1246 259
1416 1381
1381 1416
657 468
1478 1811
176 957
468 657
1382 1782
1256 7
1256 1344
1382 45
1382 1414
1382 1380
1382 1378
1382 789
1382 1472
1382 687
1382 33
1382 732
1382 566
1382 1058
1382 1226
1382 749
1382 1512
1344 1256
1382 919
1382 1811
1382 1614
1382 1588
1382 115
1382 178
1382 1345
1382 1221
1382 979
1382 1322
1382 28
1098 67
1098 67
