924 1724
383 1305
383 1305
1723 1721
891 114
891 955
891 1621
1414 1756
185 767
1414 169
1414 1564
1414 27
1414 1823
1414 1140
722 312
1414 737
1414 1718
1720 1720
1701 1852
27 1414
1414 1724
1635 1710
409 773
1371 521
1630 1554
167 1641
625 1047
27 1701
791 1597
791 1646
791 1593
521 1371
773 409
773 625
815 212
521 528
1140 1414
47 1040
1483 1720
1483 215
1858 1868
1547 1304
1476 1728
795 1598
1642 568
1270 114
1709 1717
1236 1335
239 1858
1270 114
1270 114
773 625
1750 1036
119 1831
1163 239
480 480
172 842
1417 1283
409 773
842 172
842 1276
481 481
666 666
1270 1236
1270 16
1270 16
927 843
1554 1630
1140 172
773 409
1459 1184
466 466
843 927
172 1140
480 992
172 842
481 1688
481 1688
773 1276
133 543
949 47
481 1721
690 613
791 773
37 1740
755 488
755 210
37 919
1449 261
949 1423
1449 261
467 467
1465 949
207 904
659 481
1617 1205
1617 183
37 1617
338 102
58 1828
166 261
1140 172
1268 1345
609 407
37 1617
37 1617
1414 1756
1414 737
755 1744
1414 1724
1414 1718
1414 169
480 464
1449 1724
609 1220
1630 1554
195 466
1465 1414
1658 773
480 1512
1658 844
697 697
1861 1158
480 58
833 933
1861 1158
480 442
819 819
502 1750
1861 1158
1205 1617
1371 791
14 1706
1414 1845
1861 1158
1371 815
1861 467
1476 1728
407 609
169 1345
1357 1357
890 773
890 1036
890 535
1717 913
1756 1414
1717 1709
239 1163
195 153
115 1205
955 891
1361 1718
913 1717
212 767
212 815
195 153
1593 791
566 470
1036 890
613 690
1532 174
1130 1645
28 1621
28 1598
28 615
1445 1040
105 1615
787 1831
787 1831
105 1615
787 1593
1549 1196
1615 1554
787 438
115 1752
1646 791
195 1414
1469 1822
1236 1335
177 1629
1366 1366
292 1003
292 516
28 615
1366 1414
1164 1414
1164 409
1164 737
1861 1862
901 1702
1469 989
1469 1615
7 1058
989 1469
1036 467
898 1724
7 1058
183 467
1530 1721
1036 1414
901 1702
1847 843
1483 1721
1724 898
1721 1530
1483 1716
620 895
1483 1721
1483 1149
901 1702
901 1702
901 1702
1861 183
901 1702
901 1702
212 928
901 1702
1465 1537
901 1702
1658 844
755 488
755 210
755 212
1209 1809
84 407
602 1752
1626 919
755 212
1259 1892
1826 502
1371 1058
1861 212
1861 212
105 1615
919 1626
1861 1247
1658 844
1658 844
1259 1414
1551 535
770 737
84 1748
770 613
1447 109
1752 1058
321 84
1861 212
1209 1809
1861 212
1658 844
105 1615
1465 949
1413 1414
1209 1809
1413 1457
321 84
1831 787
1621 891
321 84
1621 1236
755 488
1061 1547
471 562
1236 1621
115 1205
1209 1809
1621 1236
1465 27
185 1734
105 1615
1236 1621
185 467
1449 1108
1209 1809
1209 1809
207 208
105 1615
1658 844
1621 1547
1699 1209
467 1444
1621 1822
208 207
1658 844
1658 1330
890 1036
1827 1538
1224 773
1822 1469
1472 467
1822 1621
1447 1821
1549 1622
1750 502
1750 207
1270 1751
207 208
613 690
1822 1040
1750 207
1750 207
208 207
1465 1224
207 208
1748 84
1750 207
1750 207
952 1649
1750 207
207 904
1736 977
737 1414
952 1779
795 467
1036 890
867 993
952 1735
952 516
1259 1892
952 1810
952 649
1699 795
952 618
1480 1811
1370 1705
989 1480
1699 833
952 110
1876 177
952 1711
1034 317
1699 795
787 1831
124 815
1034 317
1699 795
1034 317
613 124
1677 749
1040 1822
1564 1414
1822 1040
567 1577
47 1367
1276 756
849 1414
174 1532
1823 1864
1794 952
1491 1196
1491 467
928 212
819 86
1003 1414
22 1414
535 1551
22 1282
1003 1878
1152 652
778 1152
1476 1411
1003 292
1003 203
1741 488
1551 535
1741 488
1687 937
778 1152
1040 1822
778 1152
1472 467
535 1551
6 1689
118 334
778 1152
1760 727
778 1152
265 1892
1457 1413
265 1831
1466 728
919 1889
727 1760
1621 1822
1466 170
1466 50
1466 1621
1466 755
1699 795
1823 1864
1689 6
1466 1621
1621 1740
1889 919
1551 994
901 552
6 1689
1466 1621
1466 895
1760 727
1699 795
102 338
1622 1757
338 102
1689 6
1469 1822
6 1689
1864 28
1689 6
1699 566
1845 1414
1724 1463
678 1594
678 1594
1699 1689
1268 1775
1895 799
1699 1689
1689 1699
1371 874
891 955
1699 1689
891 1621
1566 1699
1511 1736
905 1724
1699 1276
1566 1699
1724 905
905 1724
1532 174
1411 1414
1276 1699
842 1728
110 952
1551 1357
110 1005
1270 1751
1270 210
727 1760
833 1699
613 690
1757 1622
933 891
32 1691
1794 952
989 27
989 27
989 27
924 1724
156 952
156 1414
687 139
1784 1778
1593 787
731 731
906 844
1394 1735
803 1414
731 989
906 844
1282 22
1554 957
212 1204
618 1456
1861 833
1861 183
955 891
737 1366
1822 1621
1822 1469
737 1722
1597 15
1627 11
1627 6
11 1627
1627 11
1627 6
737 217
1476 1411
737 1694
737 1694
1861 1627
1861 1677
737 1775
737 309
937 1622
937 989
564 1220
1272 1730
1861 1158
1861 1158
1861 757
43 1747
261 166
1270 1751
787 1831
7 1459
7 526
143 1459
1444 467
1581 659
1786 1148
109 1622
945 600
1494 613
502 1826
502 833
502 1750
773 890
1506 1758
773 1224
1819 1414
789 1097
1819 659
904 207
680 680
1847 945
212 680
207 904
1819 162
1864 1889
1864 1414
904 207
1861 680
1417 1283
1487 818
481 1721
481 659
1209 775
1209 1699
1344 1414
1701 27
657 1074
1622 937
1158 1375
118 937
1577 567
1549 14
613 1494
803 172
1590 666
613 1861
890 1036
1478 1478
890 773
643 614
890 1724
604 604
723 81
643 604
1304 1547
1811 1480
731 989
1289 615
226 226
731 989
260 260
989 937
1456 618
534 1196
659 1819
659 481
945 600
755 613
673 295
1485 1537
187 952
1757 1861
56 286
924 1724
787 1593
56 1221
395 395
787 1831
1036 890
516 526
1329 183
787 1831
1249 989
901 552
1501 1501
1831 787
562 957
787 1831
1635 1286
217 1492
217 502
755 1501
1462 1462
1831 787
1379 1120
1312 1312
1487 1120
1455 56
162 1819
1487 818
1158 1375
637 175
1459 143
1459 710
478 1780
895 620
1819 659
756 1276
1819 162
886 1724
1500 1500
1064 783
1064 1593
1064 213
1064 204
1064 1724
1310 1310
693 693
1487 1120
924 485
1151 1414
945 600
1354 554
1034 1500
143 1459
1500 585
1750 502
114 891
917 69
471 562
69 917
1786 1148
917 69
502 217
502 1750
1731 84
544 933
1731 288
1276 756
1500 965
216 1751
965 1500
1701 1852
1654 1463
1731 1463
1270 114
657 917
1750 502
657 1074
977 1736
1459 143
613 124
1751 216
755 626
755 977
12 103
1500 153
79 1630
602 1752
1203 153
1500 446
1092 268
1092 174
1500 446
1481 1481
890 1036
1036 890
1551 535
1036 890
175 597
1601 1601
602 466
1757 1622
1707 1058
1630 79
1449 1501
1465 203
1632 1286
763 763
214 1706
1546 1861
1481 1757
171 1367
1481 109
1825 175
1354 110
1757 1481
1786 1148
37 492
1465 1608
1510 1226
1589 1234
1589 959
1347 585
924 1601
668 668
613 124
945 600
585 1347
37 1276
585 1347
1133 1630
1347 585
1121 1121
585 1347
1741 118
1741 952
1477 1861
957 562
1819 121
1819 659
1477 121
1864 1889
1864 1493
637 175
1864 1499
1864 1477
1864 637
1483 526
1483 1478
421 933
127 127
37 421
37 538
656 465
37 1718
1621 1822
1621 891
1234 1589
1549 538
502 1750
392 392
1549 538
1549 538
957 751
891 114
1549 538
1481 1757
751 957
1549 14
1234 179
1234 179
1234 179
479 479
158 1227
1593 787
212 1338
775 1209
175 1825
479 1234
1234 368
751 715
1472 1654
1757 1481
895 12
155 905
480 442
479 1234
479 1234
442 480
155 1878
1481 1757
1477 121
1630 1133
37 538
787 1593
37 1595
957 751
425 1420
37 1721
1203 170
751 957
1750 502
1327 1751
1872 1227
735 482
1270 1727
1492 217
1694 1502
735 1465
1581 659
1361 1234
1034 552
1196 1465
1259 1481
1465 735
1465 1196
1049 1623
471 1481
502 1750
1259 1481
1758 1506
428 1370
1478 1751
1259 1481
1413 1481
890 1036
880 880
680 1861
722 1694
901 552
563 1757
563 1757
195 214
195 1601
1462 1483
471 1481
383 1414
1036 890
1778 1784
1467 1467
259 259
1196 1465
735 1465
1822 1621
37 1059
1257 1257
945 600
1627 126
1462 1467
1272 1036
1481 259
1623 1049
1272 1503
1549 14
1641 1481
393 393
945 600
815 212
1823 1329
1064 1593
1350 1566
266 1497
1827 479
532 1566
532 1566
1724 890
1497 50
50 1497
1724 886
35 1483
1497 50
1566 1350
171 1130
1097 1566
1420 425
1861 680
773 890
569 682
1497 266
396 396
1566 1097
15 260
395 1467
483 15
114 891
1236 210
1259 613
1259 613
1472 1654
569 1465
1707 158
613 265
394 394
613 265
1465 1462
420 420
1462 1465
401 401
1259 613
569 1465
383 69
815 394
397 397
1462 1465
397 396
394 815
1462 393
396 397
397 475
397 396
396 397
1469 1822
1757 1724
1502 1694
155 1878
1724 1757
945 600
1607 134
239 1724
155 392
155 392
1549 757
1476 886
1769 1769
401 400
945 600
1861 874
1819 121
1268 159
155 1337
1819 162
1861 420
1413 485
1770 1770
1340 171
1861 1121
69 383
394 815
471 1340
1865 1865
471 1340
29 1133
1861 173
1724 239
1819 1895
620 171
778 1819
1344 155
1344 155
1340 471
155 239
1344 1566
471 1340
803 485
1622 1757
1819 1257
778 155
441 668
119 1270
1769 1724
668 441
778 1819
2 314
155 1344
441 1347
1343 1861
778 155
1819 1476
1819 1476
441 121
778 155
174 1532
485 1413
778 155
1158 1375
1861 1343
1476 710
778 155
778 155
1595 7
845 1537
1549 1158
1500 1770
1549 1158
1500 1770
1133 29
1595 1289
1855 526
479 1827
1895 155
155 1895
1637 1637
1895 155
200 39
613 265
1771 1874
1040 47
1771 1149
625 1483
7 1595
155 1895
1460 134
1460 150
1268 1340
1537 845
7 361
1786 1148
1757 1622
1757 1304
1757 1304
1347 441
1622 1757
185 1711
185 1711
185 1711
185 1711
37 1595
1707 158
1819 1895
1483 625
1819 659
625 1483
37 609
37 609
37 164
1757 1622
1819 659
1483 35
88 525
1819 1626
37 1892
1345 868
730 133
1590 202
1590 1608
37 1345
37 1892
37 1892
37 1892
37 1892
694 694
150 1460
945 600
1773 266
37 1892
266 1773
37 1892
37 1892
37 1892
37 1892
320 1861
37 1553
1250 1158
37 919
37 1623
37 1751
37 609
1198 1774
320 361
239 155
815 394
1861 320
1701 1852
1864 393
1711 185
815 124
868 1345
37 1481
1363 1289
1701 471
37 393
1892 418
1270 210
37 1865
868 1892
203 1465
37 442
716 383
37 254
37 393
1890 656
1865 1866
1866 1865
1865 1866
1865 183
1500 1865
1465 203
848 1752
7 1892
1658 1727
1629 177
803 485
109 1481
1429 1058
680 1861
1892 7
848 1139
210 1732
1289 1595
1465 1059
133 543
1581 659
890 1036
1705 543
890 773
1676 115
1465 1059
114 890
1809 1250
37 442
37 393
177 1629
890 114
854 854
1742 854
1658 1727
216 1751
1819 265
946 613
945 600
945 1847
1209 775
259 1375
171 620
171 620
778 114
1218 516
1880 1825
1218 1783
985 563
613 946
1847 945
992 1454
992 480
1036 890
1250 613
1034 1702
27 989
288 1036
288 1036
1549 751
629 1289
1209 945
789 619
890 1036
848 87
401 694
37 393
1304 1757
696 696
37 1196
1196 534
1588 1677
1588 1677
1481 109
1481 259
613 690
1706 214
764 764
37 1481
37 1196
569 682
1732 210
195 668
845 1537
37 1481
818 1658
37 1481
1371 1621
1695 693
945 1847
945 1847
945 600
37 977
217 502
532 254
217 1492
1727 1658
1481 259
803 485
37 28
562 957
1702 1034
1701 471
1481 1413
562 471
1375 259
1375 1158
37 1130
1677 1588
844 1773
1708 773
1454 992
37 1058
471 1701
1158 1375
1148 1859
483 15
471 562
483 524
656 1890
383 716
1859 1148
447 562
710 1476
710 1459
1483 1778
1270 1209
673 1751
673 1209
597 175
401 1416
1034 1702
401 1416
1034 317
483 602
401 1416
365 1497
693 1695
673 1751
401 1416
401 1416
673 1751
1654 1472
483 602
483 602
84 183
183 1865
562 447
74 751
673 1751
1483 1105
1361 1234
164 1208
673 1751
673 1751
74 620
773 890
212 815
1500 1702
1549 751
1809 1209
1786 1148
1786 37
1593 1778
1549 778
945 600
1456 710
692 692
643 614
1472 1654
334 1686
698 698
620 74
620 171
1549 687
1483 692
620 895
321 692
1500 687
1500 692
1500 692
1481 1641
692 1688
692 744
338 699
1080 1566
673 1483
1481 1080
692 1842
1462 692
1549 687
673 1772
692 1843
957 562
1080 1481
673 1483
1212 698
1549 603
1549 603
673 1483
613 1494
730 1483
1270 692
1483 730
37 1786
37 1481
1500 524
1512 480
1701 643
479 400
1236 321
1701 698
1701 471
891 114
1236 321
730 1483
1236 321
1809 1080
1809 1080
1270 1236
1697 597
881 881
1622 1757
1590 202
673 1512
1449 697
1250 1254
730 696
128 128
1554 1630
1658 1727
1865 183
1250 1254
992 1454
1361 755
128 869
1757 1622
1361 1234
128 934
1064 1163
317 1895
1064 783
730 696
643 1701
730 128
110 483
1878 155
563 985
127 1554
764 1483
1878 1003
851 483
730 696
1064 1593
1064 213
1209 775
1209 775
1895 317
84 1865
696 730
419 765
1209 525
755 1209
764 84
1250 1254
673 1209
730 696
673 1512
696 730
37 538
176 84
1064 755
1865 84
755 1209
37 1064
755 1209
43 692
1268 1865
764 1355
1163 1064
1163 1064
764 1355
673 1512
1483 730
1268 1865
1549 128
673 288
764 1355
1861 668
221 221
202 1590
755 1209
408 1621
562 957
37 393
393 37
764 1355
37 393
764 1355
769 769
1210 1370
43 288
1731 1865
762 762
764 1355
393 37
562 471
37 393
1731 1236
1209 1861
393 37
37 393
1210 532
1731 1250
393 37
764 1355
1481 1080
1209 194
895 620
37 393
393 37
678 692
833 37
1731 762
1687 943
764 1355
264 155
1731 1050
121 1477
37 833
1034 1702
1034 317
1268 1865
1034 1702
1549 764
121 441
1549 538
1034 1702
524 1500
135 931
945 1209
931 135
1270 1210
361 7
135 931
931 135
361 320
755 538
1549 1034
317 1034
755 1209
1549 764
1547 1527
1209 945
37 1034
1549 764
1549 764
135 931
1547 1129
744 692
931 135
1547 473
1462 1483
755 1209
37 1859
751 74
755 692
945 1209
525 1209
1209 755
161 1707
1209 525
401 1416
759 759
161 158
1809 317
755 1209
158 1707
161 158
158 161
669 161
161 669
158 161
161 158
1462 1483
161 158
471 1701
158 161
669 161
1250 53
158 161
161 158
161 669
127 1209
161 158
135 931
669 161
471 562
161 669
37 161
158 161
158 161
669 161
53 1250
161 37
401 1566
161 669
158 161
669 161
161 158
161 669
669 161
1250 53
158 161
1890 656
161 669
127 1566
669 161
401 1566
127 1566
1549 764
1549 764
127 1566
1491 1196
1589 1234
763 14
755 1483
1213 633
127 1036
401 1566
613 447
945 600
613 946
833 37
833 1861
1223 1379
401 1566
127 1732
209 1742
673 669
1742 209
175 597
127 1566
613 447
209 1742
37 833
1223 1379
613 447
770 613
1593 1064
1036 127
768 768
401 1566
1223 1379
1573 1573
401 118
613 770
401 1895
1223 1379
401 1457
1223 1379
401 1895
657 1074
766 766
401 1895
657 1074
813 692
401 1895
657 1074
266 1497
613 447
698 1701
485 924
698 1212
401 1895
502 217
485 768
945 600
401 1449
656 1890
135 1164
768 485
485 768
1223 680
1449 1895
1270 744
1623 37
1895 1449
37 769
1623 957
37 1623
1344 155
408 1370
1259 769
1270 1209
1270 1236
1270 1727
1270 1466
673 669
901 1702
1449 1895
1497 266
1861 833
673 1772
1861 1158
1270 994
1270 1061
1270 158
479 766
554 1354
408 1270
760 760
1707 158
673 611
408 1270
1819 1822
1462 1483
479 673
479 673
1769 710
1819 778
119 1270
37 769
1455 1742
1707 161
1449 1769
710 1769
710 1456
1895 1449
1772 673
1158 1861
1861 1158
1769 1449
1769 710
37 35
957 1623
692 105
105 692
692 105
538 755
877 877
401 1497
659 1581
1259 769
600 945
1198 769
1354 554
1270 1483
1584 1634
1584 1634
803 485
1634 1584
105 692
1634 1584
710 1769
401 1497
769 1198
1198 769
946 856
1259 856
265 856
401 479
1769 710
692 105
401 569
1413 856
210 1732
1413 485
401 1276
1476 710
1549 751
1413 1481
401 400
1476 710
1198 769
200 39
856 1413
1721 481
989 1249
1721 37
1236 1861
844 1236
401 479
525 1209
1823 856
844 128
1727 1658
401 479
1732 210
1413 856
710 1476
1823 1345
37 1721
946 687
946 312
1476 710
613 946
1701 643
901 1823
613 135
1823 1747
613 719
1701 471
901 1003
1701 698
360 360
1747 43
1747 43
821 1827
1163 769
901 1003
613 1259
401 1457
613 1259
401 1455
613 1259
1259 613
1462 755
613 1259
856 1413
613 1259
401 118
1259 613
1270 1236
401 479
613 1259
292 1003
1823 292
1270 1236
1270 1236
759 778
1259 856
1259 778
401 479
759 115
1413 856
1864 264
759 778
1864 764
1864 760
1864 633
401 762
1864 730
946 613
401 538
1270 338
1259 891
401 566
1477 121
11 643
841 944
118 401
841 844
566 401
401 118
292 1823
566 401
1823 292
401 566
1270 1823
1270 338
882 613
566 401
1350 399
171 1477
647 934
171 1259
1259 171
195 692
1268 934
566 401
1268 934
1270 338
566 401
1268 1761
429 1298
14 763
1771 1449
566 401
479 881
566 401
1462 755
43 1747
566 401
566 401
657 1074
1549 751
737 730
1462 884
1810 1627
1291 613
1291 215
1291 769
1370 1210
1291 488
1819 1512
1291 1647
1291 1058
1291 659
1291 883
891 1259
1637 1741
1826 502
597 1697
1455 401
856 1413
259 1375
119 1810
7 1892
7 361
532 1210
317 1809
1129 1547
408 1370
1483 1462
1810 119
1361 1234
698 1701
766 479
766 401
766 877
1779 1417
1809 317
879 879
659 1291
1701 698
629 1289
408 1370
1890 656
1483 696
183 762
880 362
502 1826
217 502
769 1198
769 1163
1198 769
769 1291
1859 37
1581 659
1554 127
1581 1449
1554 1223
1363 407
37 1859
603 1549
15 483
844 841
657 1074
1305 366
1637 69
1080 1481
1305 383
1080 1809
1305 1259
37 1305
1080 856
791 37
791 678
657 1074
1210 532
1210 1370
1259 1305
1210 1608
791 37
1738 394
74 751
657 1074
502 217
532 1210
1766 807
659 1581
383 1305
365 1497
365 195
657 1074
1465 1462
1063 312
532 1711
1560 1272
885 885
1741 1637
287 764
769 1741
1639 1639
127 7
127 1554
312 946
312 1063
119 1810
730 1487
1343 1861
730 737
1549 1392
1392 1391
1392 1549
1270 90
755 1462
730 1158
1711 532
730 1483
730 1757
730 1487
401 766
401 1455
1465 1608
730 1487
687 946
687 1549
687 1500
1058 1291
854 1742
803 485
1298 429
946 312
946 687
762 183
394 1738
769 762
115 759
762 769
56 1497
56 502
56 1455
312 946
1289 629
56 692
1394 312
207 553
977 37
1289 629
56 931
1223 1554
730 1487
1864 1031
1864 633
1864 1203
602 1064
602 37
56 12
365 1497
1864 239
1864 544
613 946
1864 1363
1864 1465
1864 611
1751 216
56 217
1819 1626
613 1291
1626 919
1627 1810
1751 1478
656 1890
483 15
656 1424
1588 1677
1363 1289
730 1859
1289 1363
128 844
47 1040
128 1506
1553 1506
195 1859
1811 56
1064 602
1769 1588
1890 656
1621 1371
1769 602
1034 317
1462 755
1462 1465
673 1772
1898 239
1363 1289
1677 1588
673 39
922 762
1371 1621
37 1853
637 1291
1853 1842
1289 1363
730 1542
1766 723
320 1861
773 856
320 879
401 118
1827 821
29 771
352 352
1036 1635
656 1890
919 1626
755 919
399 1350
771 29
946 312
1819 1626
1208 315
609 407
359 359
1305 383
361 320
139 1630
1497 56
29 771
931 1375
1549 1392
613 946
1462 1588
1074 1766
383 1305
1549 1895
1375 931
946 952
1483 696
288 43
833 1861
869 603
1209 775
312 946
312 1394
1742 854
613 265
37 833
1742 1455
613 946
613 759
613 946
1626 919
1138 1289
1064 1163
1472 1654
1639 1335
1781 334
1890 656
1639 1783
1639 1781
1781 1193
338 1781
480 1512
338 1781
784 23
775 1209
1878 1686
1639 784
480 442
480 856
1639 1810
1639 1355
1639 1557
1639 1483
164 1208
1639 885
1639 1483
1639 1483
1639 1626
1755 685
1639 1483
1639 1477
1639 1187
762 922
365 1497
1581 659
1497 365
1639 447
1639 1135
1639 1701
1639 1417
1639 1895
1738 394
1639 833
1639 365
1639 1417
1639 1608
1289 919
1639 6
1639 1417
1639 1187
1639 1821
1417 1031
353 353
1639 6
1639 1187
1639 1859
1417 613
1639 1188
1639 6
1639 1511
1639 1615
1639 1145
1639 850
1639 1193
1639 1193
1639 1615
1639 771
1639 1193
1639 270
471 1701
1639 270
1250 270
1639 1193
1639 270
1250 270
1639 270
1639 1193
1250 270
1809 1080
1639 1193
1549 1895
1639 660
1250 270
1639 1723
1639 1250
1515 764
602 270
1250 270
1861 833
1639 1362
1639 1732
1639 6
1031 1417
1164 135
1639 1732
1639 637
613 1417
1250 270
602 270
1639 1497
227 227
613 946
1080 1809
37 833
1639 176
1250 270
1639 104
602 270
488 1291
1639 609
270 1250
1639 104
1639 1732
1250 270
602 270
1639 2
1236 844
1639 488
1639 881
128 869
1639 960
128 844
1639 139
1639 420
1639 668
1639 609
769 1741
673 1772
1639 1852
1639 609
989 1757
1639 139
1757 1337
730 1757
1483 90
266 1497
1731 769
754 1751
1549 769
114 891
90 1483
1731 1034
538 755
354 354
1481 1080
1010 815
114 354
411 171
1350 399
353 1034
799 385
603 869
791 678
1483 696
1463 1654
114 58
295 1600
1476 1463
799 1757
353 1144
1757 799
1483 696
945 600
353 518
295 1600
698 1701
799 1757
1757 799
265 1449
1476 1728
1483 696
471 1701
383 1305
338 699
764 287
1584 1634
764 56
673 1512
764 1515
1500 771
1584 356
1584 356
1500 762
1639 1608
1639 1783
769 1413
1639 1608
1476 1605
1476 1605
1476 1605
1639 611
1639 1449
1639 1808
239 1898
1639 121
1639 1566
84 176
1639 87
1639 1852
769 84
84 762
1639 1707
1639 84
769 84
769 84
121 1477
1639 185
1639 1547
1639 1050
1476 1716
680 1223
1639 121
353 121
1639 1566
769 1163
1639 87
1639 1623
1639 1506
1639 121
769 1375
353 121
353 121
1639 321
1639 407
365 1219
1209 775
1209 525
1819 1512
778 586
1639 321
1639 102
1639 321
1639 879
353 1481
353 121
1892 7
1375 789
1639 12
848 87
353 121
1639 12
1639 28
613 946
1892 1374
706 706
613 1494
1639 1631
1040 47
697 1449
1639 185
1639 185
1549 1895
1209 127
1250 1375
1476 113
1476 113
1639 789
1639 185
355 355
1639 185
789 1375
1639 185
1639 1049
1639 185
1639 1040
47 1040
1639 185
1639 647
1639 185
1639 185
1639 185
613 265
1639 185
1639 185
532 12
1236 844
383 769
532 613
643 11
1375 789
789 1375
643 11
176 84
383 1637
755 551
355 1724
1375 789
643 11
355 1724
613 265
643 11
1637 383
1869 1449
1892 315
1724 751
1375 789
1724 751
842 172
408 1600
408 1283
656 1890
1361 1234
1637 261
751 358
357 357
471 562
357 1151
1465 262
751 842
842 751
1208 164
1208 315
842 751
1769 164
1152 1103
1724 751
756 1627
1769 1421
1769 1421
1064 1163
401 118
401 766
401 1750
360 1139
1064 1163
1064 1163
1769 1421
1769 1421
1769 1421
1259 1819
1291 1058
1291 488
833 1375
833 1267
1845 656
1845 585
1476 895
172 842
1500 546
1741 769
1741 357
1809 1209
613 265
613 265
619 789
1500 1010
171 411
171 1481
1193 585
585 1193
261 1637
1500 888
118 401
1058 1291
1058 1637
1477 121
1483 696
1483 551
127 1209
1527 1547
769 1291
1890 656
1487 1120
1394 312
1355 519
411 171
1892 315
1892 7
126 1291
1414 156
1414 1411
1414 1413
259 1424
259 1375
880 359
1532 1345
1375 833
1375 259
74 620
704 704
128 844
1268 352
698 1701
1506 1553
1626 891
351 351
1363 1289
643 614
833 1375
1861 1757
408 394
842 172
1445 868
429 1298
1757 1861
1209 127
1036 1635
1512 1819
1209 1809
1500 1547
1892 352
1270 420
81 723
1500 1547
1209 127
334 1781
1641 1481
1500 1455
1500 1455
1637 261
1637 1058
1500 1455
288 673
1481 1641
1481 171
775 1209
1289 1363
755 1209
730 351
1209 1809
1209 1809
723 81
1209 1809
1809 1209
1209 1809
1554 1223
288 755
1864 1058
1209 775
171 1481
1120 1487
1861 762
176 1532
1481 171
1270 1209
320 226
696 1483
1798 1798
1305 383
698 1701
1738 394
355 1505
56 1811
56 12
56 931
355 1505
56 1497
1505 355
56 502
1476 895
56 217
56 764
56 1415
56 502
656 1890
1769 1449
762 1861
383 1305
1654 1472
1654 1463
1769 587
1532 176
762 467
56 931
1217 1304
425 1588
56 1365
227 224
56 286
620 74
1133 187
502 225
171 1481
471 562
931 56
265 648
648 265
945 1209
217 56
217 502
222 355
1268 352
1417 1031
1750 401
697 1676
1861 879
563 1861
775 1209
1304 1217
408 223
1289 656
1289 656
1861 563
697 602
1058 1637
1864 1058
1013 355
1236 1861
1236 1861
1861 217
1013 269
1236 1861
1236 1861
1047 352
1236 844
352 1047
1472 1654
1500 1512
1500 1512
1236 931
673 931
1236 931
673 696
673 696
1500 1421
1500 1421
1639 1506
1639 1355
1639 1626
1639 1135
1483 167
1639 1145
1639 104
1500 1421
1639 102
1639 1608
1639 850
1500 1421
1639 1845
1639 1845
1637 1058
1639 647
1500 1421
1500 1512
1500 1421
1500 1421
1500 1512
1483 1512
1639 1276
1639 118
1639 418
1639 813
673 696
1731 355
7 771
1500 771
1500 771
121 1477
312 1394
1426 419
408 1564
220 220
1500 1868
1500 1868
1394 312
1735 11
195 1859
195 365
1822 171
1500 757
1500 757
1500 757
1500 1822
502 217
869 603
220 1500
7 771
1769 1724
1500 1392
1477 121
1500 1392
603 869
1500 1392
1500 1392
1500 1818
1363 1566
600 945
1874 29
1874 1771
1414 1003
1414 1845
1414 1366
1209 945
1209 775
906 844
1500 1282
755 355
1361 1234
12 56
1500 448
1476 895
1500 448
1500 448
1500 1682
1209 755
1549 1392
755 1209
1267 833
265 1361
613 1370
171 1822
480 1822
480 1874
27 989
1874 1362
1375 833
1375 833
891 1626
1082 1082
1500 546
697 687
1500 801
1259 1449
759 652
1757 1825
1757 1337
687 697
1362 1874
401 1750
1874 1040
613 1259
1040 1874
1874 1040
696 401
1874 586
1874 586
401 696
120 221
1874 586
218 218
586 1874
1819 1512
1639 1506
696 401
1040 1874
1639 1276
1874 1040
1639 1506
1500 218
135 35
355 1731
355 755
187 1133
620 895
11 1735
23 784
620 895
1874 156
407 220
1414 265
1414 759
949 762
334 1686
220 407
488 1291
1487 1120
989 27
1219 365
220 105
72 1449
567 1577
868 1445
1500 1466
361 7
1500 634
1864 1058
1500 634
1370 1724
1370 748
1724 1370
1500 546
1500 546
1500 546
1503 1272
1629 177
524 434
128 844
128 844
128 869
361 690
1208 164
625 949
773 890
1270 1466
730 315
891 933
737 395
1581 1405
60 60
183 84
365 1219
1750 401
1500 769
1414 265
1500 1512
1500 1512
673 696
56 502
1869 194
1361 265
629 119
1500 1455
119 629
1270 119
684 1895
1500 520
219 219
895 1476
895 620
895 512
895 775
1074 657
219 1455
407 220
1823 105
945 600
14 74
1193 585
473 1547
220 407
312 1394
609 332
62 62
1074 657
219 201
1465 901
67 67
1394 312
1515 764
906 844
353 901
353 121
625 949
63 63
84 176
1500 63
61 61
1500 63
84 750
220 105
219 1726
84 1600
220 353
1874 657
1500 63
1861 62
1500 63
600 945
1639 1145
657 1874
353 220
1639 1289
353 220
1639 1506
945 600
1639 139
1874 657
471 562
471 562
762 949
1731 355
1415 56
1500 61
525 609
220 105
1500 1642
176 84
1223 1822
182 1472
105 220
1013 355
1272 1503
1074 657
60 518
657 1272
1414 1413
1272 657
1414 842
1699 1247
37 541
748 1370
1472 182
673 696
949 762
1699 931
1699 352
1699 352
1699 352
1699 659
383 1874
1627 756
613 1259
950 39
115 1394
67 1699
1250 1699
67 1699
1472 1699
1699 1472
1250 1375
1853 1699
1472 1699
219 1415
217 1861
67 571
266 520
67 438
67 555
408 394
159 1813
408 60
1822 1223
37 1623
1822 395
37 159
11 1677
1250 1375
6 619
1120 1487
442 1164
1500 634
901 1465
901 353
657 1874
901 14
518 60
37 1623
1549 1702
1370 748
773 1004
773 890
353 901
901 353
434 524
353 901
901 353
1250 1375
771 1206
609 525
353 442
442 555
353 901
442 353
959 1589
1250 1375
1689 383
219 442
353 442
555 442
1250 1375
1074 657
1250 1375
941 1449
1394 115
1394 115
1074 555
295 755
295 353
769 1163
128 844
128 7
1864 769
778 586
791 678
1639 769
695 66
65 65
1639 1828
755 28
37 1639
755 757
37 791
65 563
1289 1639
762 949
1074 1639
1163 769
1588 425
737 1208
1500 1868
1247 1699
1751 64
219 737
219 737
219 737
219 737
383 1689
1864 769
562 471
383 769
1801 1801
383 1689
698 1701
115 1394
442 353
442 555
411 1699
769 1163
555 442
37 159
118 1639
312 1394
1250 383
470 566
755 1218
755 1218
906 959
949 762
1305 383
383 1305
383 1305
383 1305
383 1305
383 1305
383 1305
1736 851
266 1415
266 1415
266 1415
1250 383
600 945
1394 115
1394 312
200 355
90 447
659 1699
128 844
128 7
769 1163
447 90
1701 698
516 767
1701 471
1622 1736
1831 1599
762 949
43 1580
1736 1622
37 28
518 60
37 1282
37 526
1731 1707
678 791
563 65
569 1731
1707 1731
730 748
1164 442
1036 602
219 14
219 1415
989 227
989 227
438 67
989 227
901 353
799 851
989 227
1549 1702
65 563
567 586
567 1495
66 695
489 1185
563 65
563 1220
563 65
775 895
219 802
37 977
37 876
219 876
876 219
1549 1702
219 876
67 438
67 555
1163 769
992 1831
471 562
1500 1466
67 1721
471 67
67 471
644 1717
259 1639
773 1276
259 1375
1631 1639
438 67
1209 775
7 1361
312 1394
312 697
1500 508
1209 775
1549 1702
756 1627
1549 1702
480 1822
480 1639
67 438
68 68
438 67
1549 778
1549 1702
1549 778
1892 7
1414 1699
480 220
1414 842
480 992
202 538
471 67
1158 1206
200 355
1800 1800
67 471
361 7
1549 355
480 201
37 1263
37 546
1549 1702
1802 1802
90 447
90 447
1549 1702
1500 90
7 1004
569 1731
569 1731
1810 68
562 471
7 312
1874 156
471 67
471 562
312 7
1462 219
219 1462
37 1337
1865 1164
1465 1878
408 769
890 773
1208 737
266 1483
1074 657
1895 684
1500 448
1465 901
1478 1895
1549 1874
1874 156
1549 1702
1394 312
1549 1702
1895 1478
1549 1702
195 68
37 541
428 1868
37 541
538 1465
1064 1798
195 352
833 1375
447 90
366 1305
37 833
1465 1627
1465 1420
697 1676
1549 538
195 1892
1549 538
1878 1465
1483 266
1549 538
1549 538
266 1416
473 1547
1549 538
1465 1878
266 1416
1549 538
1804 1804
657 562
1549 538
266 1416
562 657
1445 868
562 471
266 1416
1104 321
1637 821
821 1637
254 1799
266 1416
338 833
266 1416
1637 821
1416 60
657 1250
479 314
338 833
266 1416
901 1465
338 833
901 1465
1500 1361
1250 657
737 1208
657 1250
1250 657
1734 150
1034 1702
1034 1702
67 471
1878 1465
1034 1702
1034 1702
121 353
1034 1702
1840 1840
657 1250
1034 1702
220 105
901 1702
1034 1702
1458 1819
901 1497
1831 992
139 541
220 353
220 1581
625 1374
219 1415
118 1741
541 139
1465 901
1465 1878
1500 1800
1208 737
128 7
625 1374
1717 913
419 1426
1717 644
121 1477
1236 989
698 1701
195 1374
697 1499
1003 609
652 759
1064 586
1064 783
1064 1061
1064 995
1477 121
1666 1666
195 1547
767 185
995 1064
1289 1050
957 562
1050 1289
1500 164
1268 14
1627 756
1627 1465
103 12
11 1627
1268 355
11 1627
11 1627
613 1259
383 1074
1500 1448
1268 355
1819 945
1819 1458
37 1064
37 355
906 959
799 851
957 751
1627 1394
37 355
212 1861
37 1718
103 12
489 218
957 1751
957 1794
697 899
957 1801
957 751
1772 366
1549 355
502 56
957 1566
1341 366
177 1629
1250 957
1286 1632
1329 912
1286 1635
1549 355
220 321
1500 912
569 1731
1394 1627
1500 771
1061 1064
220 1581
1478 1895
1549 355
11 1677
769 1163
204 355
1503 1272
1500 771
1478 751
1478 1895
775 1209
355 204
1478 1751
11 1677
657 1074
220 1581
11 1677
11 1677
1289 1050
220 1534
164 1208
185 767
220 1581
771 1800
1581 220
1492 217
11 1677
11 1677
11 1677
220 1534
1272 1503
1822 480
755 1874
133 220
1050 1289
555 1272
1272 555
1874 755
1874 202
72 1802
157 1803
408 769
1362 220
220 1362
220 1362
1414 1259
1874 202
1362 220
1414 1413
1414 265
1362 220
1874 202
220 1362
1039 1537
1819 778
1362 220
220 1362
1874 200
408 1804
408 1804
292 1804
408 1804
157 1803
408 1804
408 1804
1783 1804
1500 1010
1500 1010
737 1208
682 220
338 1254
1874 434
37 1158
644 710
644 868
644 199
1629 177
7 128
1861 212
1537 1039
773 890
773 1416
74 14
12 103
12 103
12 103
524 434
516 757
563 332
1074 383
1074 657
60 1416
1414 842
1414 265
1414 1140
1414 1259
1414 849
1414 22
1414 1003
37 1718
408 60
851 799
773 851
992 480
208 207
361 480
361 7
1629 28
844 128
1414 773
524 1036
1798 1064
657 1074
625 352
821 1637
1500 867
619 1127
1806 1806
1500 1868
3 220
217 1492
217 502
1500 1868
1208 737
1363 217
1805 1805
1500 1805
549 856
1500 1805
1208 164
1806 1801
614 643
1074 657
321 1104
321 220
524 1036
901 552
312 722
68 1810
1500 164
1064 995
1064 1061
1590 202
177 1629
600 945
1500 1853
105 220
1500 164
1850 841
1394 1064
177 1207
332 563
1500 771
332 609
1500 1727
1500 1727
1289 1363
995 1064
1727 730
139 541
167 1483
552 901
1034 1549
1034 1549
1637 821
901 552
552 901
1549 1034
1034 1549
1549 1034
1034 1549
524 957
524 1267
1569 1569
524 755
1500 199
199 644
1500 199
1500 199
1500 1466
569 1581
1500 199
1500 1466
361 320
1500 199
1500 1466
1500 1466
1500 199
723 1064
1500 199
1268 1112
14 74
1268 14
14 1268
1549 1034
1006 637
924 396
1807 1807
37 1064
1667 1667
133 871
37 901
200 1874
1500 1807
1500 12
1500 1807
1500 12
1500 1667
1500 1807
1500 1667
1500 1420
1500 1667
1500 1420
1462 219
1363 1289
1672 1672
1741 118
1741 118
195 1374
562 957
1500 891
581 581
1874 200
1500 891
1500 1853
473 220
473 1547
1500 12
1500 1853
555 1499
1483 821
1340 471
1500 1853
468 171
1500 468
468 1183
1500 1487
1500 1853
1500 468
1500 1853
1500 1853
1500 1853
1259 1805
1500 1853
1483 1466
1500 905
1629 177
471 1340
1500 905
1663 1663
1289 1363
924 1502
1289 1050
200 1874
1874 200
1034 1549
200 1874
217 1363
1874 200
1549 1034
288 755
288 673
1305 366
200 1874
288 755
361 320
288 755
1289 656
730 1727
1289 656
1289 656
383 1074
56 931
1549 1472
383 1305
288 1289
1500 1386
643 614
56 217
56 12
56 1415
56 502
1416 60
1163 769
673 485
673 1807
1050 1289
56 518
1662 1662
1666 56
524 200
338 755
56 518
1669 1669
1289 1050
56 1092
1500 167
56 518
1500 1417
1669 338
56 1727
56 518
1050 1289
1727 730
56 518
37 891
56 518
118 1741
518 56
338 1669
1465 1868
1669 338
1250 957
37 1282
1668 1668
821 1483
1771 1874
1074 383
1861 1247
37 538
730 1542
37 1668
288 1289
353 121
1663 1500
1207 177
1805 1259
1360 533
1549 538
1483 821
37 538
121 353
541 139
338 1669
1250 957
1669 338
1669 1483
821 1483
603 1669
1669 603
1669 603
338 1669
1226 1510
473 1547
1665 1665
673 288
1769 1868
1259 1805
1250 957
957 1250
957 1250
803 1414
1270 288
1483 821
1500 1420
1500 1361
1483 1669
1500 1361
673 288
1500 158
1483 1662
1414 773
566 209
821 1483
195 1547
195 1662
538 1549
538 1549
1483 821
1664 1664
1590 202
821 1483
1500 1665
265 1414
1500 1664
1500 1664
427 1058
1500 1665
1268 14
1500 1664
177 1629
1164 1036
1157 1665
1798 312
1549 538
1665 1157
1259 1664
1157 1665
177 1207
1868 1665
1868 1665
1259 1664
1868 1665
868 1449
1665 1868
1665 1868
1361 1259
1781 334
14 1268
1665 1868
1500 1664
1268 14
1663 353
1500 1664
1268 14
37 1665
1259 1664
1500 1664
1500 1664
1500 1664
14 1268
1500 1664
1361 1259
1500 1664
37 1665
202 1590
353 1665
1571 1571
37 538
562 957
1538 1361
1809 480
627 720
353 220
200 524
657 1074
353 901
353 442
1731 569
957 562
1731 1663
1236 595
524 200
1629 177
219 1672
957 562
200 524
957 1665
1663 1731
613 1259
1864 524
37 538
1361 924
1074 657
1864 200
1864 524
562 957
657 1074
1666 1500
955 1322
1074 657
957 1665
1322 955
1322 627
657 1074
957 562
312 1798
562 957
1665 957
442 353
1268 14
957 1665
442 555
1547 473
518 678
957 635
220 353
635 957
957 635
635 957
1074 657
1500 917
1063 312
1063 312
842 1414
67 1363
957 635
844 288
1092 56
657 1074
1666 1107
1270 1209
635 1489
1107 1658
1666 1107
1074 657
383 1074
67 1408
1074 383
383 1414
67 209
1164 1036
534 1196
383 1074
1492 217
1819 613
611 1454
1666 1107
669 538
1666 6
471 562
644 199
924 1874
1208 164
1074 383
1107 1666
673 485
167 1500
1811 56
603 1669
924 267
1259 613
673 1807
37 538
67 1408
383 1074
657 1074
1671 1671
924 267
1478 1092
1658 1107
924 267
924 267
1074 383
673 295
924 267
1270 1483
1270 1483
924 267
1270 1483
957 1665
383 1074
924 267
220 1362
848 1268
848 536
1362 220
177 1629
586 567
755 603
220 1362
586 1064
848 396
569 1731
536 848
924 267
1145 1807
219 729
219 729
219 729
1500 1487
1500 891
1500 891
1694 1502
1694 722
1503 1272
1694 1429
755 1694
1500 891
161 1748
219 1149
480 361
480 992
480 1822
1107 1658
1819 1664
195 68
480 992
480 218
924 1658
114 1874
1658 1107
114 1666
946 613
1874 114
1809 480
114 1874
924 267
924 1658
1500 1624
924 1361
1477 263
1500 1671
267 924
1874 114
603 755
361 265
114 1874
924 267
11 1677
11 1677
11 1677
555 442
1499 555
1664 1819
11 1677
265 361
848 1268
1500 1664
848 536
924 1064
11 1677
924 546
1259 1414
656 1289
199 644
563 332
221 120
213 611
924 1542
1542 1861
1542 937
221 169
1074 383
1350 1414
730 1727
1542 610
730 1542
924 1542
613 1259
613 946
924 1542
613 195
730 1542
730 1158
1500 687
1500 692
1500 692
627 1322
730 1542
627 1322
1500 692
730 1542
730 1542
730 1542
924 1542
1865 1164
1542 924
1500 692
924 1542
1500 692
1158 730
479 401
119 1855
119 1855
164 1208
119 1855
119 1855
119 1855
119 1855
119 1855
1542 563
119 1855
119 1855
119 1855
119 1855
37 1485
119 1855
37 1485
219 1442
1485 37
119 1855
37 1485
1485 37
697 312
1819 1664
1295 315
1741 118
543 133
543 133
543 1213
637 1006
1572 1572
1757 543
1671 1500
1701 698
946 613
955 1706
1362 220
563 1542
1092 1478
562 471
1822 480
1748 161
629 635
1506 1666
1247 1861
1247 1861
614 643
1420 1500
1665 957
1806 1665
533 1360
411 586
1074 657
764 1515
195 613
1463 1476
764 56
1489 635
1806 1801
720 627
209 67
67 209
209 566
1209 1454
1164 1036
1209 1809
1164 1865
1036 1164
1164 1036
1472 1549
1270 1669
1270 1671
1270 1571
1270 1664
1270 1665
1270 1668
1270 1663
1270 1672
1270 1667
1270 1572
1270 1569
1270 1805
1006 637
1270 1666
1270 61
1270 218
1270 62
1391 1392
1270 1209
1270 1209
1270 1209
1151 851
1360 533
1270 90
67 1831
1270 970
1270 1034
566 209
1706 955
1831 67
407 876
643 614
119 770
1635 1036
1635 1286
1213 543
56 1092
56 764
1454 611
1878 1036
1454 1209
67 1831
1289 1050
901 353
217 1492
124 1553
312 1063
312 1063
1805 1270
613 946
288 673
288 1270
288 673
288 844
288 755
1034 1270
1438 1438
411 586
955 1706
552 1829
118 1741
1669 1483
1570 355
1669 1270
219 68
1361 1570
195 535
1751 957
995 1361
1361 995
995 1361
1270 1669
1270 1034
1270 1805
1270 288
1270 1751
1182 1182
153 135
383 1074
442 555
442 555
383 1305
1234 20
1234 20
1234 20
1259 613
614 643
1036 1164
1036 1878
637 1006
67 1748
1074 383
128 7
128 844
1553 124
931 56
1495 567
1205 407
770 119
220 1362
1064 723
1064 1394
220 473
1401 1133
220 105
1064 995
220 3
1064 586
1064 924
220 480
1050 1289
1658 924
764 56
1361 995
946 613
1305 383
555 442
407 1205
1107 1666
673 288
673 288
1355 1778
1669 1270
657 1074
1669 107
1483 1669
473 220
1664 1500
473 1547
383 1074
673 1642
1341 366
1664 1819
383 1305
1664 1270
383 1074
673 1642
1731 1663
1731 569
1731 1092
1362 220
1268 848
169 221
1270 1664
1270 1669
383 919
919 383
609 1003
609 332
609 1639
698 1701
643 614
1809 1209
1415 56
1476 1463
1476 842
105 220
602 697
602 1036
635 1489
635 629
635 957
1727 730
1036 602
1074 383
1689 383
635 467
635 467
635 467
1034 1270
1210 1610
1819 1664
219 201
1036 635
220 1362
1270 1034
1209 1270
1664 1819
1209 1809
1664 1270
1664 1259
1664 1575
1664 648
219 1666
546 924
219 1666
876 219
1478 1092
730 1859
730 1487
1209 1454
263 1477
871 133
992 480
555 1361
1164 1036
555 476
1036 1164
957 1665
848 1268
1741 118
1439 1439
1570 1361
614 643
1748 67
1608 1639
1658 157
479 314
479 314
1206 771
1590 202
302 1588
867 1500
278 67
1663 521
521 1663
1394 1064
1672 1748
1206 1158
302 1130
1663 473
783 1064
563 1859
1748 1672
1205 833
67 1748
67 278
1104 321
1370 1666
1748 67
353 442
195 12
1669 1483
353 220
533 1360
833 1205
1270 1664
1361 555
1361 1570
353 901
891 1500
1164 1036
1433 1433
202 1590
995 1064
1574 1574
1036 1164
67 1748
1259 1664
681 1630
48 48
48 1666
1021 1021
48 995
48 1639
995 48
321 1104
1034 1270
1666 219
195 48
1666 1370
1034 321
383 1074
383 1689
68 219
383 1305
68 195
1305 383
1666 48
195 68
355 1570
48 195
48 995
195 48
1664 1259
1664 1270
48 195
195 48
1806 1338
1748 1511
161 1748
195 1702
1270 1664
1270 1034
1034 1270
1270 1034
1748 161
1748 67
396 848
427 1132
361 1459
84 114
1547 473
673 288
1459 361
1074 657
1210 1573
14 74
1074 383
1259 1664
1831 67
1259 1361
442 555
643 614
442 353
1672 1748
586 1064
586 411
759 1414
1884 1884
555 442
1105 1483
401 479
1259 1694
1672 364
1731 1144
1672 53
1731 1874
1748 1672
1731 1694
1731 1892
1567 1567
1731 1892
1672 1748
1672 1270
442 555
1672 219
755 1574
1748 1672
469 1669
1731 801
67 1748
1731 67
995 48
1567 28
755 1663
67 1731
1672 1748
1748 67
1731 67
67 1748
67 1731
1748 1672
1731 67
1748 67
995 1361
1748 1223
67 1731
265 1144
411 586
755 1805
1133 1401
848 396
1327 67
730 563
1892 1731
209 566
1669 469
1672 1129
1672 1129
1567 1781
1672 1254
1672 64
1672 64
1672 64
1477 263
842 1476
1574 755
1672 101
1672 101
1672 101
673 520
1574 891
1574 891
673 1361
1040 476
673 1459
673 1757
673 1476
1574 1666
678 635
1459 673
1574 1414
1476 842
567 1495
567 586
1476 673
1666 1574
1476 1449
1416 266
1574 1666
1476 1568
1666 1574
177 1439
1672 394
1672 394
1574 1666
1164 1666
394 1672
1361 1259
1574 1666
1666 1574
1164 1361
1361 995
1361 673
1361 1164
1672 394
1819 946
480 992
946 1819
1819 946
1164 1361
1164 1666
480 1809
1259 1361
1259 1819
411 394
1809 480
480 1809
1361 1164
1361 1259
1362 220
480 1361
1361 480
1819 1259
1164 1361
480 1361
1809 480
1164 1036
1361 1164
1361 480
1164 1361
1361 1164
480 1361
1757 673
1361 480
480 1809
1372 1574
1164 1361
480 1361
1672 120
1259 1361
1361 480
1361 1164
1361 1259
566 209
657 1074
1573 1210
1809 480
1672 202
1459 355
355 1459
383 1074
1459 848
202 1672
1459 355
480 1809
1809 480
1672 1495
383 166
480 1809
1672 202
1672 202
1164 1415
848 1459
1809 480
220 1362
1459 848
202 1672
202 1672
1672 202
848 1459
1672 202
1459 848
266 1416
480 1809
1672 1495
202 1672
202 1672
1669 338
266 1416
687 1500
1672 202
202 1672
1672 1164
1164 1272
1672 202
338 1669
11 1513
202 1672
1669 338
1672 202
1164 1672
1513 11
1416 266
1809 480
355 1459
266 1416
202 1672
1672 1164
1416 266
1459 355
1672 202
266 1416
1416 266
202 1672
266 1416
1672 202
202 1672
1672 202
1416 266
1006 637
266 1416
338 1669
1259 1414
11 1735
1669 338
471 217
1669 338
1459 1823
1823 1459
1459 1823
1672 1006
1823 1459
1459 1823
1669 1772
1669 1772
924 1064
1459 1669
171 1809
924 546
1809 171
269 1013
171 1809
269 1658
1669 1459
1750 161
1459 1669
1669 1459
1459 1669
1809 171
171 1809
1669 1459
1515 764
1459 1669
1459 1669
1669 1459
1459 1669
1669 1459
1721 67
1459 1669
1669 1459
1459 1669
1669 1459
1459 1669
1669 1459
1459 1669
1459 355
355 1459
1669 1459
355 1459
1459 355
1459 1669
1459 355
355 1459
1459 355
355 1459
1459 355
1208 164
789 1040
1804 1783
543 1213
586 411
90 1270
315 1295
118 1741
1436 1436
1209 1270
1209 1270
1209 775
288 673
302 790
302 1666
656 695
637 1006
1034 1270
74 14
1036 1164
1530 476
1438 1414
164 1208
1438 890
1435 1435
1074 383
1014 1014
1074 657
1024 1024
1823 1459
1590 202
1702 195
1034 1145
1590 1210
1707 161
1210 1573
1210 1590
1210 1590
1590 1210
1210 1590
1210 1590
1590 1210
1590 1210
1210 1590
1210 1590
288 1210
1590 1210
1210 288
1210 1590
1590 1210
1823 239
288 1210
288 1210
1210 288
288 1210
473 1663
1210 288
1210 288
288 1210
239 1823
288 1590
288 1608
1590 288
1210 288
288 1590
1823 239
288 1210
1553 603
1590 288
1590 288
1210 288
288 1590
869 603
1210 288
288 1210
1210 288
288 1210
288 1590
288 1210
1590 288
1590 288
288 1590
288 1590
195 1272
411 586
524 1437
524 1437
524 1437
448 1500
848 1459
332 563
332 609
1164 1036
1445 28
1445 1761
1158 1206
818 1487
869 128
1574 1372
1483 643
1401 1133
1414 467
614 643
1436 62
1436 62
202 1590
1483 1574
1574 1414
1036 1164
1574 524
1574 176
803 1414
1459 848
563 332
563 730
1819 526
1819 526
1819 1444
1414 803
1414 1438
1414 1259
1414 842
1444 1819
657 1074
67 1831
1220 563
886 171
312 697
613 171
1413 1414
114 84
114 84
1502 1414
114 84
842 1414
67 1326
815 1010
1895 1478
603 1553
171 886
603 869
171 613
1208 164
171 67
39 1751
1254 1672
1672 1254
673 288
673 1757
552 901
552 1034
673 1476
673 1459
67 171
164 1208
176 1574
67 1600
39 200
1003 609
39 950
1495 1672
1432 1432
1495 1272
1003 1414
1735 11
67 296
296 67
67 296
1234 1064
803 1414
239 1823
764 479
1234 11
764 1515
1748 1210
1748 321
1210 1748
288 673
1748 1210
924 1203
924 1865
200 39
1210 288
1865 924
1034 552
1669 338
1689 383
552 1034
1034 552
552 1034
1476 673
1465 886
1034 552
56 931
157 1658
56 764
56 1415
1757 673
1600 67
447 764
992 480
1104 321
833 56
695 656
1316 1316
164 1208
67 1600
1874 1731
723 627
723 1821
931 56
1823 239
1107 1034
1823 411
946 1717
1823 1210
946 952
1210 1823
200 1874
1874 200
1823 1210
1210 1823
200 1874
338 1669
383 1689
383 1074
383 1305
1823 160
552 1034
1874 200
1823 997
200 1874
1823 45
1823 1455
1874 200
200 1874
1874 200
1034 552
1034 1107
200 1874
673 1757
1254 1672
1489 635
546 924
1064 1394
1064 783
217 471
1157 1034
471 217
11 1735
678 1435
532 217
11 1234
716 1289
1289 716
656 1289
1831 67
1289 716
1289 656
656 1289
1259 1414
1064 995
1064 586
1064 924
1064 1234
1874 200
200 1874
924 1865
1590 202
1874 200
353 442
924 546
202 1590
1107 1034
924 1064
1434 1434
1034 1107
1208 164
1034 1157
1874 200
774 795
1874 730
896 1253
1434 1171
924 355
1434 924
924 1434
1434 924
442 353
924 1434
135 35
774 795
1363 532
1363 899
1823 1414
427 355
774 795
427 1694
427 1434
848 1459
1434 427
774 795
164 1208
774 795
1459 848
774 795
538 1254
774 795
1158 338
774 795
427 1434
774 795
774 795
1800 771
995 1064
774 795
321 1104
774 795
563 1220
119 116
1434 427
1434 924
353 442
774 795
1506 14
1107 1034
774 795
353 442
773 1434
730 1874
730 563
730 563
730 563
730 563
730 563
730 563
730 563
730 563
730 563
730 563
730 563
730 563
730 563
730 563
730 563
730 563
730 563
730 563
730 563
730 563
730 563
730 563
730 563
730 563
730 563
730 563
730 563
730 563
1438 1414
773 795
774 795
1272 1495
1272 195
795 773
1495 1272
200 1874
730 563
730 563
774 795
1415 56
353 1433
1415 1164
924 1434
773 795
353 1804
795 774
795 774
773 1203
383 1305
291 1417
383 1361
1130 302
774 795
425 1588
425 1372
795 774
1074 383
774 795
848 1459
795 774
774 795
795 774
774 795
532 1363
1434 1677
1677 1434
1259 1434
200 1434
1434 1677
1434 1259
383 1074
1434 200
1434 773
1363 532
1270 1209
176 1677
84 114
946 1434
116 119
383 1434
614 643
1432 538
896 891
896 1434
795 774
1432 408
1432 1210
1210 1432
1672 1506
1672 1408
538 1432
1074 657
302 1130
774 795
1677 176
538 353
795 774
1677 1434
302 254
176 1677
353 538
532 1363
538 353
302 1420
774 795
353 538
1434 1677
1434 896
538 353
1434 383
795 774
1434 946
302 1010
302 856
302 1221
609 332
609 1003
302 1717
913 524
1417 291
469 1669
353 538
1677 1434
383 1434
774 795
1209 1270
538 353
1697 105
1677 176
1289 1050
1697 597
896 1434
896 1040
353 538
1819 1434
1434 1677
1363 532
1050 1289
1434 1819
795 774
1819 1434
1430 1430
1677 1434
538 353
627 723
673 288
361 1459
673 1361
1434 896
1434 1819
200 1434
1819 1434
1434 200
200 1434
1434 1677
105 1697
1434 200
1432 538
532 1363
1074 383
637 1006
1677 1434
538 1432
1432 538
1432 524
1819 1434
1370 353
62 1436
152 1374
1394 1064
1434 1819
1434 1677
1363 532
946 1434
1677 1434
1434 1394
1259 1434
62 1861
1434 1259
1434 1677
302 361
1259 1434
532 1363
1819 1259
1259 1819
1819 1259
1677 1434
1259 1819
1259 1434
1370 353
1370 1210
1210 1370
1267 1210
1819 1434
1210 1267
1434 1677
1210 1267
697 1434
1677 1434
1267 1210
1210 1267
1434 697
562 471
562 957
1267 1210
957 562
1210 1267
353 1370
562 957
1434 1677
353 538
1444 803
957 562
1444 803
1477 1710
1677 1434
353 176
643 614
538 353
1477 562
1819 1102
1477 292
1305 383
292 1477
1414 803
643 614
1307 1449
1751 1270
353 538
1477 292
538 353
1864 1434
1040 896
152 1809
408 1432
614 643
614 643
1523 1523
1664 1259
1104 321
1408 1672
1664 1270
1672 1408
913 1434
1408 1672
1672 1408
1408 1672
1672 1408
524 913
524 1432
524 1864
950 1664
913 524
524 913
1664 352
288 673
673 288
643 614
913 524
1672 1408
352 1664
288 673
254 302
1289 1050
673 288
1664 194
524 913
913 524
1664 950
1361 383
1361 673
1664 352
524 913
1772 1669
352 1664
1270 1664
1270 1751
1664 352
1362 220
194 1664
1664 1270
1664 194
352 1664
913 68
11 643
1664 352
194 1664
1459 361
1664 194
471 562
352 1664
1865 924
1664 352
1664 352
194 1664
1432 408
1308 635
1432 408
1234 1034
158 1361
479 764
1664 194
408 1432
1164 1415
924 1865
673 1361
1234 408
1664 1772
1361 158
1361 673
1664 1710
1772 1664
555 1361
1664 957
1664 1772
1710 1664
673 1361
1669 1772
1874 200
1050 1289
555 442
1664 1710
1772 1664
1361 555
1664 1772
200 1874
1772 1669
408 1234
1664 600
723 627
1874 200
200 1874
408 284
1772 1664
1664 1772
1874 200
1772 1664
284 408
408 284
673 1270
383 1305
479 1210
383 1074
1210 479
1234 791
1234 791
1289 1050
332 563
284 408
1210 479
332 609
479 1210
1210 479
479 1210
1210 479
1050 1289
479 1210
697 479
479 697
1210 479
1289 334
479 697
479 1210
697 1434
1102 1819
1107 778
1064 924
1210 479
479 1210
697 312
479 1210
1210 479
1210 479
217 471
1821 723
479 1210
1432 408
217 532
383 1361
334 1289
1210 479
195 1272
408 1432
479 1210
600 1664
1506 1672
195 1859
1210 479
479 1210
1210 479
479 1210
479 1210
479 1210
195 1434
114 1102
195 1210
1210 479
1449 1307
1289 334
1210 195
479 1210
195 1210
1210 479
479 1210
1210 195
1210 479
176 353
1029 1658
479 1210
1210 479
778 1107
171 67
1432 408
479 1210
1210 479
195 1210
479 1210
695 1289
1210 479
695 627
1102 114
471 217
723 1821
1434 1864
161 1707
1469 1874
1074 383
161 1748
161 1750
383 1074
200 1434
1672 1506
1270 1664
1270 479
1259 1664
1113 1111
803 1414
657 1074
1363 532
1710 1664
1363 161
1804 353
195 1250
479 1270
896 1040
1431 1431
1636 896
896 1636
1636 896
1350 896
769 762
1309 1309
896 1350
1350 896
1209 1270
1431 361
352 1664
1864 524
1864 1434
1864 896
1483 476
1483 1434
532 217
532 1363
755 1434
361 302
361 1459
361 1431
302 361
361 617
1270 479
1270 1209
1270 1034
1270 1209
1270 90
1363 532
563 332
563 730
1315 1315
668 195
1748 161
1430 1315
668 1861
1315 1430
1430 1315
195 668
195 668
771 1206
408 1432
67 171
1036 1431
419 1316
291 1417
552 1034
1074 383
1208 164
1074 657
532 1363
408 1574
1363 532
1432 408
1305 383
532 1363
1664 600
1664 1259
1664 1270
1664 352
1361 383
288 673
1361 1472
288 1209
288 1608
262 1819
1218 755
1807 1145
1608 288
1218 114
288 1608
1689 383
288 1209
886 1465
1394 1434
1865 924
1417 120
1152 896
1431 1036
1317 1317
643 11
1270 1664
1036 1431
957 1664
773 1434
773 890
1317 546
773 1361
1289 695
896 1864
896 1152
896 613
1361 773
473 1547
1370 353
1821 723
1311 1311
408 1432
1158 1861
1314 1314
1432 408
1432 408
390 1658
1574 408
332 563
408 1432
1307 1449
408 1432
408 1574
1861 1158
352 1664
1432 408
1574 408
408 1574
408 1432
302 1345
1107 1034
1107 778
1107 1666
1459 361
532 1363
1175 1175
563 332
383 1361
35 135
383 1305
383 1689
383 1305
1305 383
1305 383
695 656
383 1305
383 1305
195 1218
1588 425
195 161
383 1305
195 1672
1478 1895
114 1218
195 1303
609 655
1363 532
1318 1318
609 332
164 1208
1305 383
609 1318
1318 609
609 1318
866 866
1361 383
946 1311
1361 1707
1819 657
383 1305
383 1361
383 1361
361 1459
1312 1581
532 1363
1472 1361
1766 1861
1416 1495
1495 1416
1431 1036
408 1432
1416 1495
1351 1416
614 643
1174 1174
39 200
1465 886
1034 1107
1666 1107
1034 1234
1034 552
1432 408
1034 1107
1416 1351
1666 1107
1034 1495
1351 1416
1034 1432
1363 532
1547 473
1289 1050
695 1313
1064 995
1751 754
1432 1034
538 1432
187 120
1209 288
1209 288
1432 538
1495 1034
1735 11
1669 603
1209 1270
1735 952
332 563
332 609
1859 195
673 288
538 1432
673 1210
563 730
563 730
1209 1270
773 1361
637 737
1431 156
637 555
555 637
1034 1432
161 1363
161 1748
161 195
1056 1503
1871 1314
1208 164
404 220
643 614
1050 1289
479 1270
613 896
1459 361
1431 162
656 695
627 723
627 695
643 614
1145 1807
1495 220
1173 1173
635 1489
635 678
332 1318
292 1477
176 1758
176 84
1289 1138
555 220
1210 673
1477 292
695 656
695 627
1432 1034
627 695
673 1210
695 627
555 1210
1210 673
555 1210
1210 555
673 1210
1210 673
1489 635
673 1210
555 1210
1748 161
1210 555
673 1210
1006 1672
1210 673
1210 673
673 1210
1006 637
673 1210
1210 673
1449 1046
673 1210
555 1210
1210 673
1210 555
673 1210
555 1210
1210 673
673 1210
1210 673
673 1210
1210 673
673 1210
1210 673
673 1210
1210 673
1270 1209
673 1210
338 1158
156 1431
1158 338
1210 673
555 1210
1210 555
7 267
673 1210
467 635
1210 673
524 1183
673 1210
555 1210
1210 673
673 1210
1210 555
1210 555
555 1210
1210 555
555 1210
1581 1312
673 1210
1748 1547
1206 1158
1210 673
673 1210
555 1210
338 1158
1210 555
1210 673
555 1210
1158 338
673 1210
1210 555
338 1158
555 1210
1210 673
1210 555
1020 1020
673 1210
1158 338
1210 673
737 637
673 1210
673 1210
1210 673
673 1210
1234 1034
1210 673
1210 673
673 1210
1210 673
673 1210
1210 673
673 1210
1210 673
673 1210
1210 673
1210 673
673 1210
1210 673
1663 473
1210 673
1663 755
361 1459
1158 338
673 1210
361 156
161 1748
1731 1663
1748 161
1731 161
1672 195
1663 1731
1731 220
1731 1663
356 398
1040 1527
1672 1006
1145 410
1663 1731
1731 1663
766 400
1499 1289
1503 1056
678 635
609 1861
473 1663
678 635
356 1309
1310 1874
60 1416
1310 1874
1310 1874
1310 1874
1310 1874
1874 1310
195 1859
1874 1310
195 1672
1310 1874
200 1874
164 1208
1310 1809
1313 695
383 1305
695 1313
1289 1499
764 479
1483 1210
1809 1310
1874 200
1210 1483
200 1874
1663 473
1313 695
764 1313
1313 764
1874 200
200 1874
1313 764
1874 1310
1874 200
1663 60
764 696
1313 764
764 1313
764 1313
764 1313
764 447
1310 1809
1313 764
161 1748
1208 164
1313 764
1374 152
161 1731
764 1313
896 613
1358 1174
1313 764
764 1313
764 1313
1313 764
1809 1310
1310 1874
1313 764
338 1158
338 1158
171 161
764 1313
764 1313
1313 764
366 1358
1313 764
1874 1310
161 171
1313 764
1672 195
764 1313
1313 764
1358 366
656 695
764 1313
764 1313
1313 764
1313 764
1313 764
764 480
552 1034
764 1313
195 1672
1313 764
656 467
195 764
764 1313
764 195
656 1664
1313 764
1305 383
383 1305
764 1313
1305 383
479 764
1664 1270
764 479
1313 764
383 1305
1664 957
1664 352
764 393
656 597
1664 656
1270 1664
755 1305
938 1741
1672 195
1305 383
764 1313
383 1305
938 1825
1664 1270
1305 383
938 1861
383 1305
1305 383
1313 764
383 1305
764 1313
656 1664
656 1289
383 1305
764 766
764 120
120 764
764 120
764 1270
133 1173
171 161
1289 220
171 1414
771 1206
383 1305
1310 1809
171 485
171 764
764 643
1305 383
764 171
1809 1310
764 171
120 764
764 120
1310 1874
1289 597
171 764
764 171
11 1735
1270 764
171 764
1748 161
209 566
764 171
764 1270
171 764
1310 1809
1270 764
1874 1310
195 764
764 1270
764 195
1874 200
1270 764
764 1270
1270 764
764 1270
764 1270
195 764
1270 764
764 1621
1809 1310
1305 383
764 195
393 764
538 555
200 1874
764 1270
195 764
1270 764
383 1305
1874 200
764 393
1107 1034
764 195
383 1305
890 773
1107 1034
764 1270
200 1874
1107 1666
195 764
1305 383
156 361
764 195
195 764
393 764
383 1305
723 627
764 195
1305 383
764 393
1874 200
195 764
383 1305
161 1748
200 1874
393 764
1310 1809
383 1305
1735 11
195 1615
1809 1310
1874 200
1310 1874
393 1196
393 1196
393 1196
1874 1310
1874 200
200 1874
447 764
1874 200
1459 161
1310 1809
200 1874
161 1459
1459 161
1874 200
1809 1310
200 1874
11 1735
1865 1511
161 1459
1459 161
1459 161
1310 1809
495 495
161 1459
161 1459
1459 161
627 723
361 156
171 946
946 171
957 1664
171 946
946 171
156 361
1176 1176
361 156
1312 1581
1312 1304
1874 200
171 361
200 1874
171 946
134 118
1874 200
200 1874
1152 28
1874 200
200 1874
1581 1312
361 171
156 361
200 1874
1326 67
1874 200
200 1874
1874 200
200 1874
1874 200
200 1874
1874 200
200 1874
1874 200
1361 773
657 1074
657 1615
566 209
1748 161
1748 764
1414 171
1209 1454
1209 1270
1483 1176
1483 1175
1483 764
1483 1669
200 1874
352 1664
1864 896
161 1748
1748 161
924 161
411 957
161 1748
161 924
118 134
1314 769
1314 1871
924 161
1209 775
1748 161
1664 656
1664 957
1664 352
1363 161
1626 891
1313 764
410 1145
1432 1178
67 1326
1145 410
1151 1059
164 1208
1208 164
1234 1064
1363 629
1386 266
1187 635
28 1152
410 1145
1769 158
1318 332
480 764
1707 1361
1506 1223
609 1861
1059 1151
1569 1723
1181 1181
1036 633
891 1626
296 1506
134 1607
267 7
1547 1748
657 338
901 657
317 1414
317 1434
338 657
1878 1310
352 1664
352 625
1360 533
625 352
352 625
538 1432
625 352
352 625
1361 1707
209 566
317 1361
317 1361
1553 603
195 891
657 338
338 657
1177 1177
656 1664
1361 538
538 1361
1361 538
1363 1177
1363 1177
292 1477
957 1664
891 195
479 764
657 338
479 764
657 901
957 411
1289 1158
1289 716
162 1431
1483 891
411 957
891 1483
177 1158
353 292
67 1506
161 924
292 353
161 1748
1477 292
292 1477
161 1363
353 292
161 1459
1626 891
1551 366
292 353
353 292
292 353
353 292
1180 1180
1145 410
1829 1895
176 3
957 411
353 1128
957 161
27 161
1180 176
133 28
411 957
161 957
957 161
161 27
161 957
947 1672
957 161
161 957
204 851
204 1064
1476 833
204 355
1476 842
1506 296
1476 1728
1506 67
1476 1411
957 161
1140 1414
625 1047
1208 164
480 410
164 1208
1842 692
1819 613
1819 1658
1259 1819
1819 1259
1819 262
1819 1434
1819 393
1742 209
195 891
586 1179
1723 833
891 1626
891 195
1658 1819
1182 648
1182 312
1182 1819
563 730
1182 28
1363 23
1363 1182
1363 407
1313 764
1363 1453
896 1864
896 536
27 161
703 703
1180 442
393 1819
1718 1665
1718 1806
1665 1718
195 891
1414 1140
150 1414
1414 1350
1414 383
1151 1059
195 266
1431 162
7 267
1016 1016
766 764
1819 1658
1819 1182
1208 164
288 673
288 1209
288 1209
1046 1449
288 1209
1046 1449
1819 121
1861 1849
121 1819
1861 1181
383 1414
1861 609
1806 1718
383 1689
904 1892
904 1658
1453 1363
1672 947
352 625
90 1270
1864 896
1018 1018
1748 1547
625 352
352 625
266 1386
891 195
1483 1181
532 185
217 471
1861 1020
1020 1861
1173 1864
162 1431
1892 904
1864 1173
1861 1021
625 352
1020 1608
1608 1020
1020 1608
833 1723
833 1476
1878 1465
1608 1020
1608 1020
1020 1608
1206 771
1363 1453
312 1182
555 538
833 1639
555 408
473 1663
84 176
1414 150
1414 383
1414 1864
320 1542
1819 121
1819 524
1574 1372
1270 764
1270 1209
955 1423
1455 1823
176 84
1455 219
1455 1500
1455 1500
1455 1173
195 1018
1547 1748
896 1864
200 1874
629 1363
1454 1209
1363 629
629 1363
1748 1547
1499 1538
949 751
949 751
536 896
1341 949
1223 1379
421 1865
1174 1358
1878 521
992 266
1527 1040
949 1361
266 992
1210 1608
1268 1092
1864 896
1350 1414
1350 1414
896 536
896 1864
1361 949
1819 421
195 952
195 656
1710 769
1547 1748
471 217
1864 896
195 1361
383 1305
383 1414
383 261
409 536
569 682
267 7
409 1823
1234 521
408 555
1209 288
1209 288
1748 1547
1209 1454
1209 1270
60 1663
60 1663
292 1804
292 1804
1608 1210
656 195
1210 1608
288 1209
288 1209
1864 833
1878 155
922 176
1442 219
1672 1408
1209 288
1554 991
1209 288
1270 1209
164 1208
1209 1270
896 1864
1270 1209
1864 896
949 1361
949 1341
949 762
1471 285
1471 285
1471 285
1471 285
1471 285
657 1554
1289 119
1289 1442
150 1414
332 1318
1414 1350
1414 1350
150 656
1414 150
1663 60
150 1414
195 656
1663 1527
1672 1527
195 214
1151 1658
392 155
1151 998
392 320
195 1672
60 1663
176 922
1481 175
121 1819
1423 949
421 1819
1423 1821
1423 955
183 421
421 183
656 150
1481 1858
656 195
1664 352
1664 656
28 133
28 1182
195 656
1664 957
656 1664
1819 121
656 195
1819 421
1664 656
656 1664
1565 1664
1664 656
1664 1565
1664 1565
1664 1061
119 1289
1259 1664
1565 1664
1431 162
84 176
195 656
84 750
195 1481
84 176
442 1180
1019 1019
1289 119
957 1664
1565 1605
1565 1605
1565 1605
1565 917
1565 917
302 790
176 84
1305 383
1565 970
1565 524
195 1859
695 1313
695 656
194 421
1064 1234
1064 204
1476 833
611 213
656 1664
1259 1694
1878 194
162 1431
1454 1209
643 764
1728 1476
194 1878
383 1305
1361 195
1874 200
195 1361
1861 1361
1361 1861
1861 1361
833 1476
1361 1861
637 555
1861 1361
637 737
637 1006
1120 1666
1431 162
1120 1547
1731 1694
637 1864
338 118
421 1819
338 118
421 194
485 171
1731 393
1819 421
118 338
393 1731
338 118
421 124
1731 393
393 1731
1731 393
1731 1542
1731 421
393 1731
1731 393
1748 118
1731 393
1431 842
842 1431
393 1731
393 1731
1731 393
861 861
1731 1104
393 1731
1551 292
1731 393
1731 393
1104 1731
393 1731
393 1731
1731 1104
1731 393
200 1874
1104 1731
1864 637
1731 393
393 1731
393 1731
1731 1462
1731 393
267 615
1731 526
393 1731
1731 1895
1731 393
393 1731
1547 1748
1547 1120
1731 393
1731 1547
1871 1314
292 1551
1748 1547
1503 1895
393 1731
1210 532
320 392
185 532
555 637
185 1506
555 1210
1210 555
42 1414
1481 195
1313 695
1481 171
555 1210
1481 1413
695 1313
1210 555
1313 695
555 1210
1183 524
1895 1731
278 1642
1574 1206
1206 1574
1574 1206
1574 1666
695 1313
1864 393
1313 695
625 1047
695 1313
1658 1819
532 1210
1313 695
1658 1151
532 185
1481 1471
393 1864
1471 1481
1313 695
1313 695
1481 1471
1462 957
1527 1663
1527 1672
164 1855
119 1289
480 220
737 637
1823 409
278 850
1481 120
1629 177
1597 791
1151 1658
23 1363
1499 1313
1864 393
1709 1717
1855 164
1855 67
67 1855
1855 67
1855 1499
67 1855
555 1371
555 1547
555 1547
555 1547
896 1864
1823 1215
139 771
1718 1806
1718 1414
615 267
261 383
1731 228
1499 1855
637 1864
195 1481
637 555
637 737
352 1664
1590 1430
1590 202
566 209
1590 353
957 1462
1289 119
185 532
207 1019
195 1865
538 1360
771 139
771 1639
576 576
1453 1363
538 1432
771 1800
771 7
1506 185
692 1842
532 185
1289 365
296 1481
195 635
1341 1431
1341 1431
524 1183
1341 366
408 769
1547 1748
164 1855
1210 532
1462 957
1363 23
164 1208
1208 164
1208 164
1133 29
164 1208
332 333
164 1208
737 637
353 1433
333 332
1430 1590
155 392
1864 637
155 1173
1864 896
155 1878
195 1859
155 1361
730 1487
730 1859
1621 764
162 1431
1748 1547
1663 1527
155 905
1663 1050
84 176
1050 1663
1663 1050
1050 1663
1289 160
1483 1018
1289 119
185 1506
1361 155
185 532
1074 657
1361 1016
200 1874
1431 162
176 84
29 1133
195 1050
1050 195
195 1050
1050 195
195 1050
195 1050
118 1748
118 338
195 59
1864 1689
1725 176
1748 118
195 778
1663 1050
410 1145
195 1449
1476 1728
195 833
1476 833
408 1432
302 890
1878 155
1481 296
120 1481
1481 195
1481 120
195 1481
195 1827
139 771
627 1417
1481 195
410 480
60 1416
1371 555
627 410
410 627
410 665
1481 407
1416 60
1432 408
665 410
195 1481
665 410
410 665
410 665
1481 195
195 1481
769 1341
1481 195
1341 769
833 195
1481 471
195 1481
769 1865
555 637
1865 195
365 1289
1481 195
1865 1361
195 1865
338 118
195 1481
1481 195
1865 195
1865 769
1898 769
1865 769
195 1865
195 1481
1865 195
195 1865
195 1865
1234 1064
1865 195
769 1898
195 1865
408 1432
195 1455
407 1481
555 1371
1064 1234
1481 407
1481 1017
302 1455
302 1455
302 1455
302 1455
265 1663
1481 985
302 1010
302 1010
1481 643
302 1010
14 1506
302 841
302 1716
627 410
195 1878
1361 1865
302 744
118 1748
118 338
302 1221
302 1149
120 1481
120 1442
1865 1361
603 1553
1481 120
1663 265
60 1416
773 1361
1859 195
1859 730
195 1859
267 615
643 1481
1432 408
1748 118
471 1481
353 538
219 1442
538 353
532 1014
673 288
673 510
195 710
510 568
1861 1394
510 615
353 538
1487 730
353 538
195 219
538 353
538 353
195 1702
353 1020
353 1020
288 673
563 1487
288 1209
563 1487
1361 1865
1361 773
353 183
118 1748
1874 200
219 68
296 1481
536 409
536 896
200 1874
408 1432
338 118
219 1455
1432 408
219 195
957 566
1878 195
1878 1663
1615 657
1702 195
1702 901
901 1702
1689 1864
162 1431
566 957
1432 1702
1431 162
1432 901
1874 200
1702 1432
1173 155
1748 118
1432 901
1432 1702
200 1874
1104 581
957 566
1702 1432
1432 1702
1702 1432
1432 1702
1874 200
200 1874
1432 267
1859 195
1227 1016
1874 200
200 1874
1020 353
901 1432
1547 1748
265 1663
1020 353
1707 1361
1707 1016
850 278
114 158
1432 901
901 1432
1432 901
114 919
1748 1547
919 114
499 499
1023 1023
114 919
1034 1432
1034 552
1432 1034
1374 1023
1300 1299
200 1874
1034 1432
67 65
730 1859
730 1487
114 200
1300 1299
200 114
114 267
1432 1034
270 1633
114 200
200 114
265 267
1874 200
195 219
195 1702
200 1874
195 1859
114 1034
813 1639
637 737
637 1864
1034 114
637 555
1034 1432
114 1034
278 850
114 1874
1034 114
114 312
1341 270
195 312
312 114
312 195
1432 1034
195 312
312 195
1432 1472
195 1472
312 302
195 312
114 409
114 312
114 217
11 643
217 471
217 114
1350 1414
114 1074
1209 288
114 217
1476 1411
1476 1411
114 891
673 288
1341 312
267 114
1074 114
114 1209
312 1341
114 267
1361 1707
267 114
114 1074
114 267
1663 1878
1209 114
114 730
730 114
267 114
730 114
114 730
730 114
161 27
1864 1689
1864 637
114 1209
114 267
114 730
267 114
555 1361
778 195
114 267
1663 265
267 114
1209 114
114 267
1361 555
114 1209
267 114
730 114
1341 267
1209 114
267 1341
114 730
1074 114
1295 315
1481 296
114 1209
555 1361
1449 1375
114 1074
332 333
161 957
1794 957
957 161
957 1794
1794 957
1361 555
114 267
1209 114
161 957
331 1449
957 161
480 410
1259 1295
114 1209
480 764
901 1034
114 1209
302 312
1209 114
555 1361
353 1020
1375 1449
7 771
114 1209
533 1360
114 1209
1748 563
114 1341
195 778
1487 563
1209 114
1487 730
730 1487
202 1590
1362 220
1503 751
161 957
1138 1289
1639 813
1639 771
23 1363
1639 833
1639 48
1639 1608
1639 609
1639 480
1639 259
1874 114
1639 1289
657 1074
1341 267
1639 1074
1639 784
1639 762
1639 421
114 1874
202 1590
267 1341
312 302
609 1861
609 1639
1341 267
1472 195
1472 1432
1020 353
79 1341
1472 114
119 1289
139 771
957 161
1416 60
161 957
609 338
957 161
155 1361
161 957
93 93
1341 79
957 161
1341 79
161 957
1432 1472
957 161
161 957
155 1173
155 1878
1305 383
957 161
1313 695
155 778
155 778
155 411
155 161
957 183
161 957
161 155
1289 1639
1741 118
1741 938
114 1472
957 161
161 957
471 217
79 1341
748 635
1183 524
155 161
775 1209
161 155
1855 164
1341 79
79 1341
1341 79
1574 566
1574 1874
79 1341
118 120
383 1305
1051 801
1819 526
118 1748
1633 270
133 28
133 1757
1878 1663
1878 155
1861 1640
1861 1878
1878 1861
1861 1878
1861 61
1878 1861
615 267
1547 1748
1757 133
267 615
957 161
1249 409
1748 118
773 1361
773 355
195 1472
195 1694
1312 682
1472 1432
1472 195
259 1639
563 1748
563 1487
563 1487
563 1487
615 267
563 1487
563 1487
1432 1472
1694 195
1694 1024
554 1354
60 1416
1694 1429
68 219
563 1487
937 1622
1417 627
118 1748
937 1542
1394 1861
552 1034
1748 118
1748 1547
1063 312
1547 1748
195 1472
195 68
949 267
68 195
195 68
68 195
485 924
195 68
68 195
1472 195
195 68
195 1472
1472 195
68 195
338 609
288 673
288 1209
1416 60
779 901
627 1417
217 114
28 133
1074 114
1289 119
217 471
673 288
1074 657
614 643
1663 1878
1595 1313
924 1645
1664 1259
1645 924
1664 957
1664 656
1664 352
1664 1270
924 1645
1016 1227
1016 1707
1664 1725
1016 1361
1664 1483
312 1063
957 1664
195 1472
1664 957
1664 924
1574 1664
1645 924
1574 164
1481 957
267 615
1664 1757
1442 219
195 1664
1664 1574
1481 471
1664 195
957 1664
1481 471
1664 957
957 1481
1442 120
1481 957
1209 288
195 1664
1757 1664
1874 1574
924 1664
1664 195
1664 924
1664 957
924 1664
1481 150
195 1664
1472 195
1574 1874
1748 1547
957 1664
1361 555
1361 155
1361 773
114 1074
114 217
195 1472
195 1472
1664 924
1664 195
1664 957
1472 195
296 1481
1209 1454
1034 552
1590 1430
1590 202
1590 202
195 1664
195 1472
1414 1350
1414 1718
1472 195
409 114
409 1249
162 1431
195 1472
1354 554
886 1465
656 1664
1472 195
1639 155
1639 409
195 1472
1639 1731
1547 1748
1472 195
219 68
219 195
195 1472
195 219
219 195
219 195
366 1341
195 219
195 219
1472 195
195 1472
1417 627
1472 195
1748 1547
195 1472
1472 195
195 1472
695 1313
1472 195
219 364
219 364
195 1472
195 1707
1472 195
195 931
195 1472
1074 114
176 1180
1196 534
1196 393
924 1196
924 476
1196 924
1487 730
1487 563
493 493
1289 1747
924 1196
119 1289
1547 1748
202 1590
1483 1664
1454 1209
1748 1547
1036 1449
1731 1639
114 409
114 409
1748 315
114 1074
1270 1664
1717 1709
1717 946
1717 302
904 1658
946 1717
1731 67
1481 1852
1731 361
361 1731
1731 361
1731 220
361 1731
60 1416
1731 361
1731 1499
220 473
1731 408
1731 1272
220 105
1731 919
220 353
1180 176
1852 1481
118 1748
105 220
67 1731
43 1672
1748 118
1731 67
771 139
771 1639
931 195
1658 904
220 105
220 1289
105 220
353 220
353 220
352 1664
493 1892
493 1289
1289 220
1289 493
493 1289
1289 493
493 1289
408 1731
1379 1223
302 312
302 1717
1104 581
494 494
1731 494
690 494
1823 903
96 96
497 497
1372 495
6 1010
6 1010
6 1010
265 1587
1825 496
409 494
1506 1639
497 1639
1354 554
795 498
195 1639
379 379
155 1639
195 499
743 743
1038 1038
1270 494
1270 499
1270 1176
1478 1199
859 859
394 1804
1476 1463
372 372
851 1302
501 501
502 1693
955 1298
678 1662
678 1662
1196 1693
1196 1693
315 1295
943 1687
1882 1882
1371 1199
161 500
1615 14
957 1340
353 1340
555 1340
353 1804
195 501
195 494
239 1082
624 624
1483 1882
471 1340
56 1149
566 400
625 400
1250 400
1728 1716
1728 1716
625 1699
1084 1084
730 1881
730 667
730 210
730 874
1879 1879
741 741
411 1699
1465 1873
1654 364
746 746
1879 1200
1391 1392
860 860
115 1699
56 286
56 1337
955 1687
1622 1773
1622 1773
48 1639
1478 14
1483 48
161 1308
161 1308
56 1552
56 903
1259 1694
56 1128
1855 48
1877 1877
1361 1308
437 1694
1877 1887
1877 692
91 91
1885 1885
1459 1885
1234 1221
1483 1221
656 597
1495 1221
1883 1883
1884 1059
565 215
1884 757
302 1221
361 1308
1883 958
623 623
195 624
1883 212
1778 1784
813 1755
813 117
1884 1181
1884 1181
27 1175
1654 61
1654 1717
678 1885
1483 1007
532 494
613 759
97 97
209 566
164 1208
421 84
421 955
361 844
56 1811
56 659
56 931
302 1361
56 1472
56 128
1208 164
1478 1885
1478 1885
1478 623
1811 56
1478 518
1478 778
1478 1256
1453 746
1478 989
84 176
1595 552
84 922
1478 119
1478 361
1478 1210
1478 1874
1829 1417
84 176
1209 114
419 302
955 421
1663 813
1663 1654
1220 563
844 361
176 84
813 1663
1256 1478
657 1663
1483 1164
552 1595
1892 625
552 1876
625 1892
1876 552
1877 518
1877 518
1877 1811
1877 1874
1877 1203
1203 1877
1877 1203
1203 1877
1877 1203
1203 1877
1877 1203
1203 1370
7 1892
361 1478
931 56
1877 361
1877 1751
361 1877
1877 361
957 176
1877 1160
1160 1877
1751 1877
1877 1751
563 1220
730 43
730 773
730 622
730 1483
730 385
730 150
730 366
730 886
730 555
730 125
730 447
730 597
730 1825
730 1686
730 1032
730 1152
730 1490
1663 657
1663 813
1877 28
1877 1751
1877 1566
1877 1569
1654 1663
1472 56
918 989
164 1208
1877 164
755 1164
164 1877
164 1877
922 84
1512 3
502 141
795 194
114 1209
518 1877
28 1877
28 1182
791 1877
1289 119
1874 1478
1874 1654
1874 1877
538 1877
538 1432
1878 155
1878 1465
1878 195
194 795
795 194
747 749
1182 1664
3 1512
813 1663
1182 28
809 809
480 218
480 410
1361 1654
813 518
518 1478
518 813
813 518
518 813
813 518
1877 518
1877 164
518 813
518 1877
813 518
1877 518
518 1877
164 1877
1877 164
164 1877
518 813
164 1208
1877 164
1877 164
410 480
1663 813
1663 1654
164 1877
1811 1877
1416 1493
1877 538
1877 1811
1877 167
1877 164
1877 538
541 195
393 1196
1877 769
769 1877
64 637
1877 769
1394 1735
1877 393
393 1877
1877 393
393 1877
1877 393
1877 1617
1663 1355
746 1453
164 1877
195 1878
1829 603
541 56
195 541
1493 1416
1877 164
164 1877
164 13
1877 164
164 1877
1877 164
13 164
164 1877
1735 1394
1735 808
164 13
164 1877
1877 164
164 1182
164 1877
1877 164
383 1305
164 1493
552 1876
552 164
1182 164
164 552
164 1182
1182 164
1512 3
1617 1877
164 1182
167 1877
119 1478
1182 164
1305 383
1877 1305
1394 1735
1305 1877
1877 1305
1305 1877
1877 1305
1305 1877
1877 1305
119 1289
195 848
195 751
195 637
195 1272
195 1874
1617 1449
946 162
1758 1370
361 844
789 1877
1416 1493
1416 266
266 1416
1416 266
266 1416
1416 266
266 1416
1416 266
1312 1483
813 1663
162 946
637 195
1478 1874
1478 119
1478 518
28 1182
43 118
84 809
1465 1878
1208 164
1495 1408
1877 1305
1877 518
1877 67
755 1483
67 1877
518 1877
1877 67
1877 518
1877 789
518 1877
1877 518
518 1877
1877 518
518 1877
518 1877
1483 755
1483 1312
1423 195
751 195
1877 751
164 1208
1878 195
1877 164
1877 538
1877 790
538 1877
1877 538
538 1877
1877 538
538 1877
1877 538
538 1877
1877 538
1220 563
1877 538
1272 195
1883 732
1877 742
1421 1327
1478 742
1432 538
1883 1735
1883 977
1664 1182
67 1877
1877 67
1289 119
164 1877
1877 164
164 1877
1877 164
164 1877
1877 164
164 1877
1877 164
1877 167
164 1877
1877 164
1877 164
1472 182
114 1074
1811 1877
1478 611
1074 114
1654 1874
1654 1361
1877 1859
1654 1663
1859 1877
1877 1859
1859 1877
1877 1859
1877 28
67 1877
1669 603
1361 1654
1877 1827
1877 1827
201 438
538 1877
538 1432
518 1478
552 164
1182 1664
1432 538
1182 28
1355 1663
538 1432
1566 1877
749 747
195 637
195 1878
195 1272
74 446
195 1455
1663 1355
164 552
538 357
862 862
625 1374
1361 538
1327 1421
421 955
1877 166
1877 393
1877 393
1449 1617
637 195
1877 871
1074 1617
114 1074
1877 1449
1878 195
743 1305
1877 164
1877 288
288 74
288 56
288 114
288 666
288 114
288 1877
1453 746
1735 1883
1735 1394
1453 67
161 158
1879 740
848 195
1879 740
195 1878
195 312
1877 1751
1877 1672
1877 1158
1751 1877
1877 1751
1751 1877
1877 1751
1751 1877
1877 1751
195 751
195 1751
1877 1751
164 1208
1751 1877
1877 1751
1751 1877
164 176
1877 1751
1361 1861
1223 1221
1226 1495
1074 114
1495 1226
1300 1751
1300 1074
1363 1495
1300 1074
635 813
1300 1074
1363 1334
1877 635
1220 1495
1654 1361
127 1861
1074 1300
383 1305
1158 1877
552 164
1361 1654
666 288
666 1465
809 84
666 1495
360 848
164 552
743 1281
1478 203
1664 1182
176 164
1478 1879
747 749
164 176
1478 64
1074 657
1664 267
1664 648
1664 957
1478 518
1259 1664
1664 1259
1374 625
1182 1664
194 795
194 795
741 1640
741 3
119 1289
119 1478
795 194
267 1664
741 966
1883 1735
1877 1034
955 421
813 635
1861 1361
1861 127
949 1883
552 164
1394 1735
67 1453
518 1478
1617 1074
1617 1205
657 1074
657 609
194 795
657 1865
518 1617
1617 518
1495 1220
1512 1483
1878 195
1751 1300
1664 1182
1664 267
1465 1878
1878 1465
84 183
1465 1878
1343 239
625 1374
1495 659
1495 659
1495 666
1495 1363
1495 1865
84 1495
1617 68
1495 84
1074 657
1074 1617
1617 1074
1074 1617
1617 1074
1074 1617
1617 1074
1074 1617
1617 1074
1074 1617
1617 1074
187 1036
1074 1617
562 957
1465 1039
56 1472
164 552
541 195
56 541
541 56
1220 1495
56 288
1892 7
56 541
56 1672
1039 1465
56 1811
317 361
56 1599
794 794
1512 541
56 1414
56 1018
1493 164
114 288
114 288
114 1074
1465 1039
1617 1074
158 161
195 1878
195 541
164 1493
1164 755
1468 6
1164 1483
164 1040
183 84
794 1495
74 288
74 446
56 1361
625 1047
56 656
656 56
552 164
609 657
164 552
56 656
74 1512
1495 794
74 164
1512 74
1811 56
164 74
74 518
74 1512
795 194
74 164
164 74
1039 1465
74 164
164 74
164 1208
1483 1512
74 164
164 74
1483 1164
1483 1512
1074 114
1459 1892
1512 1483
518 74
518 74
331 421
331 1827
331 254
331 739
1877 538
538 1877
1877 538
1877 1303
1574 860
1303 1877
1303 134
538 1877
114 1074
1877 538
1877 1303
1877 769
1827 331
1827 1877
538 1877
985 102
1877 538
361 317
860 1574
1635 1727
161 158
1182 28
568 566
566 209
566 568
568 566
568 698
566 568
568 698
568 566
1036 187
164 1370
568 566
566 568
164 1370
177 1024
568 566
568 510
566 568
568 566
957 562
1878 195
74 518
1877 1064
1617 1074
1064 995
1064 783
1064 1877
1064 1877
1074 114
1877 1064
1074 1617
1617 1036
195 1878
1617 1074
195 859
195 1361
1074 1617
195 1064
1256 1456
1877 1256
1617 1074
1878 195
1074 1617
1537 333
195 1878
1220 1537
1617 1074
1300 1074
1300 1074
1878 195
1256 1877
1877 1256
1305 743
1877 1305
1074 1300
1074 1617
1300 1074
1617 1074
1074 1617
1074 1300
1617 1074
1259 1663
1074 1617
1617 1074
1617 1074
1300 1074
1074 1617
1363 1495
1453 67
1074 1300
1459 1064
1300 1074
1617 1074
195 1878
1459 84
1878 195
1074 1300
518 74
195 1878
1456 1256
1074 1617
848 360
643 518
195 848
1617 1074
848 195
518 643
1256 1456
74 518
74 164
1074 1617
74 1874
567 1877
1047 625
1361 195
1472 56
518 74
1877 485
1205 1617
74 518
518 74
625 1047
74 518
1234 410
194 602
1819 1421
1421 1819
1727 1635
1537 1220
741 1420
741 1495
741 790
844 361
552 164
563 1220
67 1453
1610 67
1610 687
1610 1064
67 1610
613 195
613 195
1465 613
613 1465
1208 164
1642 278
1642 568
