730 730
563 563
674 674
571 571
667 667
563 667
822 822
730 822
552 552
1889 1889
1859 1859
1487 1487
1489 1489
1356 1356
1356 667
751 751
1792 1792
1351 1351
1155 1155
1074 1074
675 675
677 677
1659 1659
679 679
149 149
1319 1319
311 311
889 889
126 126
296 296
1270 1270
1483 1483
1512 1512
1077 1077
671 671
1771 1771
615 615
941 941
566 566
1864 1864
1031 1031
438 438
1073 1073
1083 1083
672 672
317 317
748 748
993 993
673 673
203 203
678 678
993 1083
56 56
1512 1083
670 670
1078 1078
1270 671
192 192
1480 1480
1270 670
918 918
361 361
673 672
152 152
1270 675
1270 674
26 26
1270 677
676 676
1270 676
1075 1075
1270 675
1270 679
1563 1563
678 679
568 568
1545 1545
1076 1076
1631 1631
1072 1072
1529 1529
1075 1076
1650 1650
369 369
1557 1557
818 818
1071 1071
1066 1066
1158 1158
1537 1537
678 1077
1512 1078
1270 1071
1270 1077
523 523
573 573
1855 1855
278 278
55 55
362 362
1482 1482
223 223
1484 1484
1072 1076
1073 1083
1789 1789
756 756
433 433
553 553
1079 1079
1074 1079
1485 1485
94 94
1790 1790
1494 1494
1112 1112
1488 1488
447 447
1080 1080
1080 1072
333 333
1255 1255
1411 1411
561 561
978 978
1485 1484
1485 1484
1485 1484
1485 1484
1374 1374
1483 1482
821 821
1489 1488
1489 1482
1540 1540
198 198
572 572
214 214
322 322
1486 1486
1559 1559
1630 1630
1487 1486
308 308
15 15
442 442
1755 1755
403 403
1111 1111
202 202
1479 1479
1049 1049
1618 1618
1863 1863
1480 1479
1857 1857
1487 1863
1864 674
1864 670
1864 675
1864 672
1858 1858
1864 1479
404 404
42 42
1856 1856
1861 1861
409 409
1160 1160
1862 1862
1864 1861
1161 1161
1564 1564
1864 1862
408 408
237 237
1786 1786
406 406
754 754
1561 1561
1270 1863
1788 1788
1860 1860
1859 1860
1857 1077
1859 1857
1858 1857
1156 1156
1855 1857
40 40
407 407
1560 1560
399 399
750 750
1270 1856
402 402
1566 1566
1487 407
1859 406
1483 409
1487 1483
405 405
408 403
1487 402
405 404
398 398
1487 1483
1487 399
1859 398
406 399
1859 675
749 749
1487 405
1487 748
405 749
750 407
1487 748
753 753
752 752
1483 398
1487 748
1487 407
755 755
1864 751
1864 752
1864 753
1864 405
1864 749
1864 1862
1864 409
1864 399
1864 398
1270 752
757 757
1270 399
673 754
1483 399
673 754
755 1483
1864 1483
755 1483
1483 756
756 405
755 1483
755 1483
756 749
755 1483
204 204
755 1512
205 205
757 755
1148 1148
1153 1153
1162 1162
1160 406
1859 407
1154 1154
468 468
1159 1159
1657 1657
755 1483
1159 399
1159 1158
406 399
54 54
1158 1159
1157 1157
1157 1156
1156 1157
1069 1069
1157 1156
1156 1157
1489 399
1859 1155
1859 1155
1270 399
1157 1156
1270 1154
450 450
1483 1153
1864 1154
1864 1162
1841 1841
1562 1562
1161 1855
1161 751
1864 1561
1161 399
1864 1562
1161 1160
678 1559
1005 1005
678 1158
673 1483
678 752
678 399
678 399
678 399
37 37
678 409
1560 398
406 1160
1505 1505
1480 399
1565 1565
1794 1794
689 689
967 967
1864 399
751 1161
1864 751
755 398
1864 751
1864 399
1859 1565
678 1566
678 1158
570 570
730 1565
678 1512
678 399
1565 1563
1560 399
1487 748
1563 1855
1564 751
39 39
1487 1557
53 53
1558 1558
1564 1512
86 86
52 52
1487 1558
53 405
1487 53
1487 1565
52 55
1487 54
52 55
1487 53
52 55
1057 1057
1487 748
57 57
1487 1565
406 399
57 1565
1487 1565
57 1565
57 1565
757 1565
757 56
1564 1512
730 1565
730 1565
957 957
1855 1563
569 569
1542 1542
1653 1653
1565 1512
496 496
59 59
52 1562
59 1557
50 50
558 558
38 38
1512 1565
1565 1512
52 1858
131 131
58 58
1734 1734
51 51
79 79
58 51
51 58
58 51
1855 58
36 36
1163 1163
1752 1752
567 567
50 1512
50 1512
58 1855
38 39
36 58
58 1855
58 36
39 38
1855 399
58 1855
41 41
1088 1088
37 1158
37 399
42 398
42 398
817 817
37 1158
1793 1793
944 944
43 43
43 405
40 1158
43 749
43 1512
43 1482
559 559
43 41
43 1562
1859 36
1544 1544
452 452
443 443
1487 43
34 34
1487 42
1489 34
35 35
1489 35
529 529
1487 1790
1789 1792
446 446
643 643
1489 399
1791 1791
1487 1791
1487 35
1785 1785
1137 1137
1161 35
1786 43
39 1785
1279 1279
405 53
405 43
405 756
1634 1634
448 448
1866 1866
962 962
1080 399
1564 399
1859 1788
1787 1787
1539 1539
1859 1787
1859 1787
564 564
1859 1161
1561 399
7 7
59 1483
338 338
1538 1538
1794 38
1655 1655
1793 1650
1793 1650
1650 1793
1650 1155
1793 1650
1650 1793
1793 399
1536 1536
1156 1157
1282 1282
1794 1650
1651 1651
1651 34
1158 40
1652 1652
1628 1628
923 923
1859 55
1073 1652
182 182
109 109
1859 1161
563 1653
1654 1654
1656 1656
59 1654
1655 1656
1541 1541
1487 42
688 688
1859 1161
437 437
1658 1658
661 661
1859 1161
1487 1654
22 22
1487 1657
1487 1658
1859 1161
1859 1659
1859 1788
1270 1650
1161 399
1373 1373
1487 35
1654 35
1487 35
1654 749
1654 1158
1487 35
1487 1792
1654 1566
1566 1654
1483 1539
1487 1792
1654 1566
1249 1249
1158 1654
951 951
1654 1512
1538 1485
1584 1584
50 1656
37 1158
37 1158
37 751
37 1787
799 799
37 1158
385 385
707 707
1543 1543
1538 1485
757 56
757 1654
757 1161
1537 1485
1487 50
1487 1536
1487 748
1487 1543
1487 1536
1487 1562
37 1158
37 1542
1536 1542
1542 1536
1487 1536
37 1542
1120 1120
1474 1474
678 409
1536 1542
37 1542
37 1542
1542 1536
1536 1542
1487 1536
1487 1536
1487 1536
334 334
1270 35
1270 35
750 1541
59 1483
184 184
1540 1545
1803 1803
59 1540
678 1650
1859 53
59 1540
1540 1545
678 1544
325 325
1859 748
1859 1557
1859 36
1859 53
678 1789
1859 53
1270 1483
1859 53
1859 53
37 751
37 1158
1480 1563
570 43
37 1158
326 326
816 816
1480 1563
1480 39
1745 1745
1480 39
1480 39
37 39
1480 39
37 39
1480 749
1155 1650
1480 1562
428 428
1859 571
1859 571
1859 1156
1859 1657
555 555
1654 1542
570 1654
678 1559
1300 1300
678 1559
194 194
678 1559
43 405
678 1559
1654 1542
43 399
43 751
678 1559
43 749
43 1542
1654 1542
1159 1158
1542 1654
1270 1483
751 43
1158 1159
568 399
1654 1542
1654 1542
569 1483
566 50
566 43
566 1651
1270 35
37 35
37 751
37 751
37 35
1855 1562
56 1562
567 1855
56 751
567 56
56 35
567 56
567 1855
197 197
567 56
567 1855
567 1855
56 35
59 1855
56 35
29 29
59 56
59 56
330 330
59 1855
59 56
565 565
43 566
43 751
993 564
444 444
445 445
517 517
1859 748
1859 43
751 56
562 562
1859 1483
687 687
1763 1763
1786 43
1489 35
331 331
1487 43
1487 35
1487 565
1859 1483
451 451
678 1650
1270 1541
1270 572
1270 573
1270 444
1270 443
1270 446
1270 445
1270 399
1270 399
1270 1542
1270 1077
1270 1512
1270 448
739 739
1270 1651
1760 1760
563 1542
266 266
1135 1135
730 447
1487 35
730 447
1758 1758
1485 1537
730 399
449 449
1 1
756 405
1843 1843
1487 450
206 206
1538 1485
39 406
691 691
39 1489
1270 1512
1487 1157
59 56
329 329
1270 1154
1270 1512
1270 449
678 452
327 327
1270 399
1270 1483
815 815
1859 1659
43 1542
43 1659
1859 1659
1859 1659
1859 1659
406 39
563 451
1859 1156
1859 1659
331 1158
1659 1512
1487 565
1487 35
1487 43
1487 1659
1270 1512
1116 1116
686 686
1489 39
332 332
328 328
332 333
334 1158
1483 327
399 1512
1483 399
1864 1154
1864 1650
1864 1537
1864 328
1864 329
1864 449
1864 330
1864 325
1864 326
1864 1543
405 756
1864 405
405 448
405 206
405 205
405 204
37 39
406 449
1483 1539
1512 399
1512 327
37 751
37 203
755 448
1483 1073
200 200
59 334
1270 399
1864 405
27 27
1270 1075
1270 328
201 201
1270 749
37 35
1483 447
1483 35
1483 202
201 407
37 1566
1654 35
327 1512
37 751
1480 1658
37 751
37 751
678 35
37 751
37 751
332 327
332 327
1480 35
1864 751
37 751
200 751
1864 751
1117 1117
199 199
200 751
1864 751
332 751
37 751
1864 751
200 751
1864 751
332 751
37 751
1483 327
200 751
1864 751
1114 1114
200 751
1864 751
332 751
37 751
1864 199
1864 199
327 198
327 199
1483 201
1483 199
200 751
327 197
1864 751
1483 197
1864 751
1864 751
1864 751
1864 751
332 751
59 327
1864 751
1864 199
1864 199
1864 751
1864 199
1864 751
332 751
1483 199
1864 199
1113 1113
1483 199
1864 199
1864 751
1864 1113
1483 199
1864 751
332 751
1864 199
1864 1113
199 1483
1864 751
1864 199
1113 199
1113 199
1113 1114
1864 199
1113 1111
1864 1113
1864 53
1864 751
1483 199
1864 1113
1864 751
1864 199
199 1113
955 955
199 1113
199 1483
1864 1113
1864 199
1864 1113
1483 199
1864 751
1112 1117
1864 751
199 1483
1483 199
1864 199
199 1483
201 1483
1483 199
1483 201
1864 325
684 684
201 1483
1864 325
1864 199
199 1483
751 202
202 751
751 202
202 751
1864 325
1864 199
1483 201
751 202
202 751
1864 325
1270 1483
1864 199
751 202
1483 199
201 1483
1483 201
1864 325
1864 199
1864 325
1864 325
751 447
202 751
1864 199
199 1483
1864 325
201 1483
751 202
202 751
751 202
1864 325
1864 199
1864 199
1483 201
1864 199
201 1483
201 1483
1115 1115
1483 201
1864 199
1864 325
202 751
751 202
1864 325
1864 325
1864 199
1864 325
1864 199
202 751
751 202
1864 325
1864 199
1864 199
1864 199
1118 1118
1864 199
1270 1483
1864 199
1864 1118
1864 325
1118 565
685 685
1118 1483
1864 1118
1864 199
1483 1118
1115 1118
570 1118
447 1483
1483 447
1118 1115
447 751
1864 199
37 199
1116 1115
1118 58
37 58
1116 1115
1864 1118
1864 1118
1864 1115
1864 1118
1864 1115
1118 751
1864 325
1116 1115
751 447
751 1118
37 399
37 751
1119 1119
1116 1115
37 1119
1120 201
1120 201
682 682
570 1118
1116 1115
1118 35
570 1118
1120 1512
36 58
570 1118
1864 1563
958 958
1864 1119
39 38
956 956
39 956
955 201
39 956
39 956
39 956
39 956
37 958
683 683
39 956
39 956
39 956
39 956
39 956
39 956
39 956
39 956
957 573
39 38
957 956
955 1162
39 956
39 956
956 35
39 956
957 956
35 1654
37 35
37 956
37 35
37 35
949 949
952 952
950 950
1864 958
953 953
954 954
952 573
952 951
200 1075
200 749
200 573
200 1650
200 1537
200 1563
200 58
200 1158
200 399
200 1512
200 954
200 953
200 950
200 949
200 683
200 956
200 958
200 682
200 1119
200 685
200 1118
200 684
200 1113
200 1114
200 199
200 1117
200 201
200 329
687 686
687 42
687 1117
1120 566
730 1118
730 1483
949 399
751 1118
751 949
751 1117
949 39
1220 1220
952 949
952 689
952 688
687 1653
1651 955
201 955
687 1659
751 949
39 1117
39 691
751 1857
690 690
751 949
434 434
435 435
39 1557
955 1651
955 201
37 199
949 1075
1117 39
37 1537
949 690
39 1117
1487 43
37 817
1487 690
1117 39
690 949
949 690
949 817
39 1117
1117 39
812 812
200 39
1410 1410
756 39
1483 950
818 39
815 690
818 816
818 54
818 1566
820 820
1120 949
813 813
814 814
813 814
811 811
37 35
37 814
37 1559
1859 813
37 814
751 949
751 949
37 814
37 814
37 325
813 35
814 755
37 814
813 814
1864 814
1864 811
37 1657
814 750
813 35
200 812
200 811
200 820
37 35
821 1654
678 35
751 1657
1557 39
37 325
37 405
751 1657
37 405
813 405
813 405
751 1657
406 814
678 201
678 35
1859 813
814 406
1859 813
678 814
678 814
37 201
1859 813
678 814
37 201
813 201
406 814
678 814
813 814
1698 1698
814 406
678 814
59 56
59 1483
678 814
59 327
37 814
37 814
678 814
566 1118
37 325
442 813
442 1483
678 814
566 1483
441 441
37 201
37 201
201 813
37 201
560 560
37 201
37 201
200 441
440 440
37 51
730 1483
440 1650
1864 440
439 439
1864 440
1864 439
813 201
188 188
1864 58
1864 1543
406 814
1487 440
1487 441
815 754
436 436
59 438
201 813
813 201
437 439
1487 441
1487 813
200 439
200 436
441 332
1487 441
1859 436
441 332
1487 441
441 332
405 813
441 332
441 332
441 332
332 441
1487 441
1487 813
441 332
687 441
435 1073
818 434
557 557
813 39
433 559
442 813
59 560
59 561
37 441
556 556
37 1075
37 1563
442 813
442 813
37 754
815 754
1654 35
37 1118
815 993
37 1118
37 1512
751 685
751 1118
37 54
751 1118
1270 562
37 562
1270 58
1270 956
329 555
757 1489
757 1489
556 955
757 1118
191 191
1864 329
1864 1483
730 1483
730 1537
563 1485
1864 1483
1864 203
37 329
751 1657
751 949
37 329
751 55
58 434
58 434
37 399
955 1541
1483 399
796 796
1538 1485
955 557
1483 558
1270 556
316 316
39 1489
558 1483
58 955
909 909
1855 1562
1855 1562
586 586
201 813
1767 1767
200 562
1270 39
1855 409
1855 409
1855 201
409 1855
1855 409
1270 199
58 955
1270 201
409 1855
201 1855
59 1855
1864 1483
1270 201
1864 202
1270 201
1759 1759
187 187
193 193
1605 1605
1855 201
673 201
1855 409
201 1855
1855 201
673 201
673 325
673 201
409 1855
201 1855
1855 409
673 1562
673 201
1855 201
18 18
201 1855
673 201
1855 201
673 201
409 1855
1855 409
673 201
201 1855
409 1855
673 201
1855 409
673 201
1855 201
673 201
201 1855
409 1855
673 201
673 201
673 201
442 813
673 201
1557 442
1855 201
1855 409
673 201
201 1855
409 1855
1270 201
1855 201
673 201
673 201
201 1855
673 201
1270 201
1855 201
673 201
1855 409
1270 201
201 1855
1270 690
673 201
1855 201
37 754
37 409
673 201
37 754
201 1855
409 1855
37 754
673 201
673 201
1855 409
1855 201
1419 1419
201 1855
1855 201
1855 201
1270 201
1270 690
201 1855
201 1855
442 1855
1270 201
1855 201
566 1118
201 1855
442 1855
1855 201
566 440
442 1855
201 1855
442 1855
442 1855
1855 201
442 1855
201 1855
1855 201
442 1855
201 1855
566 951
1855 201
955 558
442 1855
201 1855
442 1855
1855 201
442 56
56 325
442 1855
200 950
442 56
955 201
442 56
200 682
201 1855
201 955
955 201
1855 201
554 554
201 955
201 1855
955 201
566 1557
201 955
442 1855
955 201
201 955
566 553
955 201
201 955
442 56
554 201
566 192
554 201
554 557
442 56
442 1855
442 56
673 53
442 56
566 1078
442 56
730 1537
442 56
442 56
442 56
37 409
566 1483
442 1855
566 1855
1487 440
442 56
1557 566
442 56
442 56
442 56
566 1855
442 1855
566 1855
442 56
442 56
442 1855
1270 566
498 498
566 191
37 566
1596 1596
1270 811
952 194
952 949
952 690
952 1111
190 190
1483 566
1483 193
195 195
687 191
751 1657
435 566
952 690
325 56
751 1657
1859 813
1864 1483
189 189
1270 188
320 320
187 955
434 58
818 434
818 190
678 409
562 1557
1489 194
678 562
1657 751
569 1483
569 56
1270 556
1270 199
751 1657
1483 1557
818 562
196 196
1557 1483
1483 1557
189 196
196 189
200 196
200 196
318 318
818 561
1557 1483
200 196
200 751
1483 1557
195 751
1864 317
1864 196
56 325
1864 318
1489 194
200 1158
1859 1557
1581 1581
37 199
37 1563
673 325
315 315
406 1563
815 315
200 751
1864 58
325 56
195 751
815 1489
815 315
200 751
815 315
200 751
815 1489
195 751
815 1489
37 751
14 14
566 189
687 406
37 751
39 691
25 25
815 1489
815 315
321 321
1748 1748
23 23
408 316
1270 318
327 1512
1512 327
815 1489
1859 1557
1859 1855
1859 1557
1859 1855
321 1512
1512 321
300 300
1749 1749
1859 1557
321 1512
56 325
1548 1548
321 1512
1512 321
321 1512
1512 321
1751 1751
321 1512
1765 1765
563 322
150 150
314 314
483 483
319 319
37 319
569 1483
1394 1394
687 320
1761 1761
313 313
409 1855
313 1154
325 56
314 1761
1760 319
678 409
1490 1490
687 1562
678 409
314 319
406 1761
1761 406
687 1759
678 409
37 1761
1758 321
1758 321
687 406
1761 406
687 406
1764 1764
1864 319
687 406
687 406
1487 321
687 406
1487 440
687 406
687 406
687 406
687 406
750 814
687 406
1765 452
993 1652
687 406
1487 321
1487 993
1864 1764
687 406
687 406
1487 993
1487 321
1761 406
687 406
1487 440
59 993
687 406
59 993
319 314
687 1855
1487 321
1487 993
687 406
21 21
59 993
1487 993
59 993
10 10
687 406
59 993
687 406
1487 993
1487 321
1487 321
687 1855
30 30
1762 1762
59 993
818 318
687 1763
687 406
1762 1761
1762 319
1761 406
1761 1762
673 1761
1758 955
673 39
1768 1768
687 1855
687 406
687 1763
673 201
687 1855
687 406
406 1762
1761 406
687 1855
1761 406
1768 573
1762 406
1120 1512
751 1657
406 1762
687 1855
687 441
1657 751
687 1855
815 993
687 1855
687 1855
1762 406
570 993
673 201
37 1762
687 1855
757 321
815 1489
815 1855
24 24
37 1762
200 1767
687 1855
37 329
678 1764
56 325
815 321
815 1855
200 21
200 1762
815 1855
757 22
815 1855
757 22
757 22
757 22
23 24
757 22
1855 319
757 22
1376 1376
25 1855
757 22
1371 1371
25 1855
17 17
566 1761
37 1764
815 1855
1758 440
950 319
37 21
200 319
815 1855
1758 554
815 1855
1542 43
1758 554
37 434
815 1855
37 434
687 1855
39 22
39 1489
26 1075
37 434
27 1512
28 28
1075 26
1075 26
39 1489
1758 28
1758 28
570 993
1270 1542
570 29
1270 1542
1489 39
1657 1761
1270 1542
39 756
1761 1657
37 409
949 30
949 1761
1761 949
1761 1657
1753 1753
1864 39
751 1657
678 409
1864 1749
22 39
756 39
200 39
1761 1657
1748 321
1864 1749
1864 1749
1750 1750
28 756
1751 1489
200 1750
200 1750
1864 1749
200 1750
200 1750
1864 1749
200 196
200 1753
200 329
442 22
1864 21
673 39
442 755
1270 1542
673 39
755 319
673 39
1487 1752
673 39
442 755
1755 441
19 19
1487 1752
1487 1752
39 1483
1633 1633
1746 1746
1120 1537
442 441
442 441
904 904
441 730
1114 1113
1114 199
1114 199
1114 1761
1898 1898
1754 1754
1761 1754
72 72
557 554
1761 1114
16 16
406 1746
814 406
563 322
1161 329
1161 319
1161 1761
687 756
1745 1542
687 1161
687 27
687 441
687 22
730 441
399 949
1859 19
12 12
1372 1372
20 20
1074 441
20 17
757 18
757 42
1270 1761
1786 1654
1890 1890
949 399
751 19
1483 20
1487 557
1487 20
1219 1219
406 15
1487 557
1451 1451
43 1542
1375 1375
13 13
818 434
20 1483
818 1761
687 756
687 27
687 1161
16 13
687 1855
818 1746
818 1753
687 1746
687 1753
15 406
1758 28
993 441
11 11
185 185
1859 1659
14 955
1160 1654
1070 1070
1483 20
1217 1217
406 15
1899 1899
408 20
687 11
183 183
15 406
1270 1483
1270 199
442 441
1745 442
818 1764
441 730
274 274
441 993
441 818
1074 441
28 1489
1758 28
28 12
28 12
1372 409
1510 1510
815 755
28 407
687 441
687 1114
818 441
570 1654
993 441
1117 1483
957 562
1483 1117
1483 1117
1483 1117
1373 751
1483 1117
957 573
1745 1512
1270 12
570 1654
993 1557
1374 1545
687 756
1746 406
1746 818
434 818
1761 406
1761 949
1761 1161
1761 818
1761 1114
751 1373
1378 1378
1375 15
6 6
687 756
447 730
686 1376
447 1512
28 315
687 756
815 818
687 756
687 756
687 756
1746 407
687 756
39 1483
687 756
569 755
815 434
815 434
434 1651
1509 1509
755 327
755 1537
1377 1377
434 749
434 1376
1377 1378
554 557
1786 1654
406 15
755 204
406 1746
28 204
1746 406
690 12
1379 1379
755 201
730 441
730 447
1379 993
1379 993
1502 1502
1379 406
993 12
1379 993
1370 1370
1379 993
28 406
1379 993
28 1161
28 406
1223 1223
1748 1370
1379 993
28 406
957 1374
1379 993
1374 957
1222 1222
1379 755
1748 1374
957 1374
1379 993
432 432
748 1370
748 1370
748 1370
748 1370
748 1370
1371 201
1222 1158
569 755
1370 748
815 690
1374 957
1379 755
1120 1374
957 1374
815 1489
1511 1511
28 1117
1748 1374
1374 957
1120 1374
957 1374
815 1489
28 1117
28 1117
1374 957
28 1117
1221 1221
1270 199
28 1117
1270 12
28 1117
1651 434
957 1374
1370 748
1487 818
1374 957
1375 815
1487 447
957 1374
957 1221
1487 1489
952 13
818 1658
1487 818
13 751
1629 1629
1374 957
952 1220
1748 1374
957 1374
1270 1512
1658 406
952 1537
15 406
1374 957
1658 406
15 406
12 690
1270 1512
12 993
196 1750
1658 557
1758 1370
1748 1374
1270 12
1487 12
678 1374
1226 1226
1658 406
1270 1512
1658 406
15 406
755 1483
37 12
1487 12
1270 12
1219 434
1758 1370
1270 1512
1226 1370
1218 1218
28 955
1627 1627
815 406
1378 1377
1270 12
28 955
1270 1512
1224 1224
1270 12
815 406
1758 1221
37 12
28 955
37 12
28 955
1270 12
1225 1225
957 1749
815 406
1226 321
1748 1374
297 297
1375 815
1375 11
1758 1225
815 406
1758 1224
1761 406
406 398
1758 1225
1761 1161
37 12
1658 818
1226 1370
1226 406
1226 1489
37 12
1755 441
1370 1225
1270 1225
1270 1224
1223 1225
1218 1654
751 13
1658 406
1270 1224
1755 1489
1270 12
1226 406
815 406
1223 1225
751 1373
1658 557
1761 406
1270 1224
1226 1855
1226 1489
1218 1489
1755 1489
15 406
687 406
570 1654
687 756
687 11
1218 1489
1226 1855
1226 1489
407 1746
1226 1489
1755 1489
200 1221
1270 1512
200 1378
200 12
200 1217
200 1372
566 957
1751 755
200 1225
200 1224
1270 1512
1746 407
434 1651
1218 1489
1218 1654
1751 1489
815 993
14 1489
1654 1218
1745 815
14 1557
570 1654
321 1370
1270 1512
1560 1219
37 1218
570 1654
1270 1512
1489 1218
544 544
14 1489
566 1746
813 448
815 993
815 993
1487 12
566 1557
1370 321
39 1117
1270 1512
815 993
321 1370
818 1746
57 1628
1751 813
818 1761
1218 1654
1487 818
815 818
1746 818
1218 1489
818 434
818 1746
952 1557
815 818
566 19
1074 952
952 1557
815 1489
1270 1483
1270 1512
200 562
1654 1218
200 1483
1859 50
566 1855
1635 1635
566 406
1218 1489
1270 1512
1218 1489
1218 1654
200 1483
815 1489
434 1225
1859 50
1626 1626
1483 1117
1270 1224
1629 566
566 50
1859 50
755 1483
1270 1512
1117 39
1864 1117
755 1483
755 1483
957 1225
566 957
1270 1512
1270 12
1270 1761
1270 1537
1632 1632
566 50
566 1626
1859 50
566 957
1748 1627
50 566
566 957
566 50
56 409
1704 1704
409 56
37 1632
56 409
37 1632
751 447
200 1632
14 1633
14 1633
566 50
1859 12
690 12
14 1633
14 1489
748 1370
37 1632
566 50
406 1632
447 751
14 1633
1632 406
1162 1630
406 1632
1632 406
751 447
406 1632
1632 406
14 1633
1748 566
406 1632
566 957
755 751
1443 1443
815 690
1632 406
566 50
957 566
406 1632
14 1633
566 957
1489 1632
1627 1489
566 50
751 755
299 299
566 957
14 1633
1379 1633
566 50
815 406
14 1633
1632 406
1074 952
14 1633
1632 1489
566 1855
566 1855
1489 1632
1217 1489
1855 566
1217 1633
1489 1557
815 406
566 50
14 1633
409 56
1217 1633
566 1855
1217 1489
687 1631
14 1633
687 756
687 406
406 1632
1633 1217
1632 406
14 1633
409 1634
1748 566
37 1632
406 1632
1632 1635
14 1633
815 406
1635 1632
750 1162
1508 1508
14 1633
1158 20
1632 406
815 406
1632 1635
1270 15
1635 1632
37 1632
1270 58
687 756
1270 1218
1658 1635
1270 1162
1480 409
1270 409
1370 748
1270 1509
406 409
1270 1563
406 1508
1480 1746
1480 1746
1511 1510
1632 1635
406 1632
1270 749
1270 1759
1480 1746
673 325
1632 406
1270 1746
406 1632
1507 1507
1504 1504
1270 1746
673 1746
750 1761
1658 1632
673 1746
1748 1627
1632 406
1270 1746
1219 1162
1748 1627
1480 1746
673 1746
1270 1746
1270 1224
406 1632
1632 406
1375 1224
673 1746
1480 1746
1270 1224
406 1632
37 1632
1480 1746
673 1746
755 53
1632 406
1375 1224
1270 1746
1480 1746
1224 1375
673 1746
1505 1658
1375 1224
1748 1627
1480 1746
1504 1489
37 1632
1506 1506
406 1632
1270 1224
1480 1746
673 1746
1480 1746
1627 1748
673 1746
1270 1746
1480 1746
673 1746
37 1632
1480 1746
1632 406
1627 1748
1480 1746
1627 1748
406 1632
673 1746
1270 58
1270 1746
1632 406
1627 1748
673 1746
673 1746
1270 1751
673 1746
1632 1635
1748 1627
1510 1217
1270 1746
1627 1748
1511 1748
1270 1224
1635 1632
1270 1746
1627 1748
1270 1746
1627 1748
1511 1748
1748 1627
1507 1225
1270 1746
1627 1748
1627 1748
1658 1632
1270 1746
1511 1748
1270 1746
1270 1746
1270 1746
1748 1627
1270 1746
5 5
1504 1489
1507 1510
1504 1489
1627 1748
1658 1632
1370 1510
1511 1748
1510 1370
1270 1746
1511 1748
1511 1748
1511 1748
1627 1748
1504 1489
1732 1732
1627 1748
1748 1627
1270 1746
1487 1120
1510 1635
1627 1748
1627 1748
1627 1510
1504 1489
1489 39
1864 58
1487 1155
37 1632
1635 1510
1511 1748
1658 441
37 1224
1627 1748
1487 818
1864 1370
1761 818
1658 1632
1504 1489
1506 1748
37 1632
1489 1219
1864 1370
1506 1761
1506 1748
1748 321
1489 1219
1506 1748
1504 1489
1864 1370
321 1748
750 1761
1504 1489
442 441
1370 1221
200 1221
37 1632
1504 1489
1658 1635
1632 406
1864 1370
1864 1370
1503 1503
1864 1370
37 1632
1270 1370
1503 1761
1761 1503
37 1632
1761 1503
321 1221
1504 1489
1221 1370
1758 1221
1221 321
321 1221
1758 1221
2 2
1270 1370
1370 1221
1504 1489
955 1225
37 1221
1504 955
1504 1489
1221 407
1221 321
1221 1370
1489 1221
1370 1221
321 1221
1270 1370
1504 955
1270 1221
170 170
37 1221
37 1632
1270 1370
1270 1370
1270 1221
37 1221
1270 1221
321 1512
1270 1370
687 1502
37 1221
1632 1635
1635 1632
1270 1751
1632 1635
1219 1489
1219 1489
1635 1632
1632 1635
1489 1219
3 3
1489 1219
1635 1632
408 1489
407 1221
408 5
1737 1737
408 1370
408 1377
408 6
1219 1489
1855 1221
1503 1217
1489 1219
1217 1489
1217 1510
1217 1503
7 1761
755 1483
171 171
406 1632
1217 1510
1217 1633
1223 1221
8 8
58 1503
58 955
1489 8
1489 12
12 1489
1489 12
1650 440
1 690
253 253
1483 1512
1864 1650
1858 1162
2 405
2 1218
12 1489
1489 12
1219 1489
4 4
442 1483
1738 1738
751 1483
15 406
1063 1063
1731 1731
1859 12
1859 1489
1000 1000
1511 1370
1557 566
1611 1611
1740 1740
28 993
1733 1733
9 9
1859 1489
408 1370
301 301
408 3
1217 1510
14 1557
1226 1510
556 4
1226 434
1503 9
1226 56
1217 1503
1217 1503
1226 1855
10 1512
1217 1503
10 1217
1223 1370
1223 1370
1270 562
1223 1370
1859 1370
1223 1370
1223 1370
1223 1370
1223 1370
1223 1370
1223 1370
1758 1370
1223 1370
1223 1370
58 1503
1223 1370
1223 1370
1223 1370
1223 1370
1223 1370
1223 1370
1223 1370
1758 1370
1223 1370
1223 1370
1370 1758
1758 1370
37 58
1223 1758
1370 1748
1510 1217
1223 1758
1223 1758
1223 1758
1748 1370
1223 1758
955 4
1223 321
1223 321
1223 321
1223 321
1223 321
1223 1758
1223 321
1223 1758
1223 321
1223 321
1223 321
1489 1219
1859 1489
1223 321
1223 321
1506 321
1506 321
1506 321
1506 1748
1511 1748
1223 955
1223 321
1511 1748
321 1374
1374 1748
1223 955
1374 321
1223 955
321 1374
1506 1748
1506 1748
406 1632
1374 321
1223 1758
1223 321
1758 1748
1748 1758
321 1374
23 1758
1758 321
1374 321
1748 1758
1758 1748
321 1374
1374 321
321 1374
1748 1758
1375 11
1758 1748
1374 321
1632 406
321 1374
1748 1758
1758 1748
1748 1758
1511 1748
1748 1758
1511 1748
1758 1748
1506 1748
1748 1758
1748 1758
1506 1748
1758 1748
13 751
1758 1748
1748 1758
1748 1758
1748 1758
1506 1748
1506 1748
1748 1370
1748 321
1758 1748
1506 1748
1506 1748
1758 1748
1748 1758
1758 1748
1223 1748
408 6
1074 1117
1748 1374
687 1117
331 1158
331 1158
1074 1117
1370 1748
815 1758
1074 1117
1748 1370
406 1632
1632 406
1736 1736
1738 993
1737 12
1738 12
1735 1735
554 10
1376 434
1758 1736
1738 12
1217 10
39 691
1735 321
37 1543
1735 321
1223 1217
200 39
1223 1370
1297 1297
1748 1736
750 1734
1224 1733
1224 1758
1224 1748
37 1735
1748 1224
23 1224
50 10
687 1117
204 1658
1629 562
993 315
1512 10
1511 1748
28 1758
730 406
545 545
1732 751
1370 1748
558 955
1739 1739
1731 1740
1483 1758
730 406
1745 1739
200 39
1370 1748
1748 1370
1370 1748
687 1117
687 22
1511 1370
1511 1370
757 10
955 558
757 447
1511 1370
305 305
1758 1483
20 1483
20 1158
1223 1370
1745 1563
730 406
1158 20
1627 5
1627 1748
1511 1758
1758 1224
749 43
749 43
1627 1489
1224 1758
1627 1748
1224 1758
730 1370
1627 1748
200 749
1634 409
1627 1748
1748 1627
1627 1748
1748 1627
1483 20
673 301
174 174
556 955
556 1758
154 154
1731 1740
1731 1658
1731 201
748 952
748 952
37 1226
37 301
37 452
673 301
1855 1226
673 1224
1511 1224
37 301
1370 1506
441 818
441 1658
1859 1370
1859 1370
295 295
1859 1370
1627 1748
1627 5
1538 14
169 169
818 441
178 178
1627 36
302 302
1627 955
1374 1748
1627 36
1864 1370
1489 1219
28 1758
1627 955
1219 1489
1864 1370
1489 1219
1627 955
1627 1557
298 298
10 1512
1379 1855
751 1156
1864 1483
1538 14
1223 1758
690 194
1733 1224
1224 1733
1763 407
1224 1758
408 1377
312 312
1224 1370
1758 1224
1379 1855
1224 1758
23 1224
1557 1627
10 14
23 1758
1379 1855
1627 1557
23 1224
162 162
14 10
23 1224
14 10
1758 1224
1758 1224
23 1761
14 196
1224 1758
1748 1627
1224 1758
14 10
1627 1748
304 304
1627 1748
1748 1374
1627 1748
15 1502
1748 1627
1758 1224
14 10
1224 1758
1627 1748
1627 1748
14 10
1748 1627
1627 1557
1758 1224
1627 1748
1224 1758
1748 1627
14 10
1654 1627
10 58
333 332
1627 1748
1748 1627
1627 1748
1627 1748
14 10
50 10
1748 1627
28 1370
28 302
1627 1748
1654 1627
1748 1627
1557 1627
1748 1627
1627 1748
28 299
58 1224
58 10
1627 1557
1627 1748
1 1658
300 297
293 293
815 406
815 818
1733 1224
1627 1748
294 294
815 1758
1374 1748
194 690
678 1374
1627 1748
58 10
1748 1627
1627 1748
1627 1748
1224 1733
1370 1224
1224 1370
1748 1374
1370 1224
1557 1627
1224 1370
1627 1557
1379 1748
1379 1748
434 1226
1748 1627
1511 1748
1748 1627
1511 1748
1511 1748
1379 321
1505 297
815 1557
1511 1748
1627 36
1627 1748
1627 1557
1627 1748
1379 321
1155 1219
1379 1748
690 298
1379 321
1379 1748
1627 1155
1379 321
1370 321
1627 1557
678 1508
321 1370
1627 1155
678 298
815 1155
1627 1155
1219 1155
298 690
1627 1654
678 298
1627 1155
1155 1219
815 1557
2 1218
1627 1654
678 298
678 298
678 298
815 1155
1370 748
1219 1155
1370 321
678 298
1755 441
1270 1370
1557 815
678 298
1156 751
1155 1219
1557 1740
1270 1370
1219 1155
1158 1506
1740 1557
1627 1155
1270 199
1270 1221
1155 1219
1487 1155
1557 1740
1270 295
1627 1748
1270 1740
678 298
1627 1155
1487 1155
815 1557
748 1370
1740 1557
815 438
1487 1155
58 10
1755 296
678 298
1270 1751
1270 1740
678 298
1755 685
1755 685
1755 685
1270 1740
678 298
293 296
815 1155
1733 1224
1487 302
1658 557
1505 1658
296 293
321 1506
321 1748
321 1748
1748 321
1075 1076
321 1748
1075 26
293 296
1155 1219
1270 815
1483 751
815 1155
751 1156
751 1483
293 1746
1631 566
1156 751
1746 293
1483 751
566 1748
1483 1758
1219 1155
566 1557
751 1156
751 1483
168 168
293 1746
58 10
58 1631
1224 1733
566 568
1746 293
1156 751
293 1746
1733 1224
1226 434
566 294
1746 293
1627 1748
1226 1855
815 1156
566 169
1226 1855
751 1156
168 1378
1226 56
293 1746
1221 1855
566 1739
1746 293
1627 171
293 1746
751 1156
1224 1733
815 1155
1745 815
566 1750
1733 1224
307 307
1224 1733
172 172
1224 1758
1041 1041
1758 1224
28 955
303 303
1224 1758
566 1855
173 173
1733 1224
1758 1224
625 625
1224 1733
1511 1748
556 955
170 1370
306 306
196 1750
1370 170
1370 170
1503 566
815 1758
1370 1748
196 173
37 1224
1733 1224
1224 1733
1733 1224
442 441
1224 1733
1733 1224
1224 1733
37 172
171 194
1658 1632
37 298
1859 202
1859 170
37 1224
293 5
56 298
1859 171
171 293
1270 199
1748 1370
1270 168
1859 298
298 56
1748 1627
1370 1748
1270 293
1859 171
171 168
1748 1370
5 293
1855 1226
293 5
171 172
56 298
1855 1221
1511 1748
557 1658
175 175
298 56
171 172
166 166
56 298
171 175
175 171
175 174
298 56
1504 1158
171 175
167 167
36 58
148 148
1504 447
1506 1158
37 172
1504 1557
37 167
37 298
37 172
200 173
1270 293
1506 1158
408 1377
196 172
172 196
1504 447
196 172
1158 1506
1504 293
166 10
1504 1158
1511 1736
1504 1158
1504 51
1504 51
1504 293
1504 51
1864 303
1864 168
51 58
1504 407
1864 304
1504 298
1864 305
1864 8
1504 293
1864 306
1504 293
1504 293
37 298
1504 293
1658 557
1504 293
293 952
952 293
1504 1158
293 952
1504 293
1504 293
293 557
293 1626
1504 293
1504 293
205 405
293 1371
750 36
750 4
200 167
200 167
1483 751
1483 167
1120 1740
1223 1221
1372 307
1864 1372
1864 1633
58 1503
1371 293
171 58
171 172
563 564
563 39
563 818
563 1485
1160 308
28 299
448 405
1629 448
309 309
1074 441
1161 298
1161 309
434 1226
554 10
309 407
310 310
309 1761
1217 1503
175 407
407 309
407 175
309 407
175 407
175 407
309 310
309 407
1485 1158
28 299
28 175
751 1483
175 955
815 175
815 175
815 175
168 174
1221 1855
175 174
815 175
1221 298
311 1378
167 1483
1120 10
1226 1855
407 309
407 175
1270 199
1739 566
1489 298
1675 1675
563 1485
308 1160
321 167
2 302
2 3
298 1161
298 1221
687 173
1158 1485
465 465
687 173
687 11
567 1557
687 11
687 11
1120 10
1160 308
687 11
687 11
955 175
312 321
751 1506
179 179
751 957
130 130
1506 751
815 311
1758 167
815 175
815 438
431 431
177 177
179 1224
1074 1117
178 10
10 178
815 438
167 321
167 1758
177 306
176 176
1217 1506
310 309
181 181
176 183
182 1512
182 1512
176 1758
181 167
182 1512
200 181
309 310
309 8
200 181
1270 178
1270 409
1370 1748
1512 182
1270 309
427 427
1270 1512
200 181
1745 177
1864 178
1745 172
1864 1633
1745 168
321 167
1745 178
1370 170
1370 1758
1758 1370
167 321
1761 309
321 167
176 1758
167 321
176 1758
321 167
1748 1370
1748 1370
176 1758
176 1758
167 321
171 58
1629 1739
171 175
1750 1761
180 180
171 58
321 167
176 1758
1370 1748
321 181
167 321
321 167
750 168
167 321
321 167
563 180
181 321
321 181
1629 181
181 321
1483 167
1483 751
1631 58
321 181
425 425
1731 181
167 321
167 1483
181 321
1511 1370
1731 167
1731 181
321 181
321 167
442 170
1731 167
1483 167
442 1370
442 438
1731 181
181 321
442 750
321 181
442 321
167 321
175 955
442 750
167 1483
321 167
321 167
167 321
321 167
687 15
1483 181
185 690
1555 1555
1483 167
1629 181
321 167
1733 1224
153 153
184 181
167 321
155 155
167 1483
567 1557
567 1758
1483 167
184 297
283 283
184 305
690 181
184 1656
184 12
184 172
1483 399
167 1483
1483 167
184 398
1745 168
184 309
184 1154
185 167
155 1483
1156 166
1156 181
185 167
1156 167
184 298
167 1156
185 167
277 277
184 1221
1855 1221
184 573
170 1370
155 1483
1224 1733
1224 179
185 167
434 177
170 1370
167 181
181 167
181 167
167 181
167 181
155 181
1487 13
673 201
1156 167
1487 1658
1487 154
155 181
167 1156
1156 167
673 153
181 1156
181 184
673 153
155 181
548 548
673 153
673 153
155 181
673 153
815 1375
298 184
155 181
293 1371
155 181
151 151
56 298
1270 201
1270 409
1270 1512
1485 1158
1222 58
1270 815
152 1512
1270 1557
1270 1489
153 1748
1627 1748
200 181
1375 815
200 181
1375 312
1859 194
160 160
200 1758
1859 194
176 955
955 181
1512 152
176 955
181 955
200 181
181 955
955 181
176 955
181 955
1270 1512
155 1627
200 181
955 181
181 955
176 955
1864 1758
176 955
200 181
1270 1512
307 1372
1270 815
993 151
767 767
815 183
200 181
1270 1512
200 181
185 767
200 181
1270 1512
200 181
185 767
200 181
185 767
1270 1489
955 767
185 767
1270 1512
1270 815
767 955
185 767
185 767
1226 1748
952 149
37 181
993 167
185 767
37 767
167 993
312 321
312 750
185 767
715 715
312 1375
955 767
185 767
767 955
281 281
185 767
955 767
767 955
167 181
429 429
1064 1064
1161 298
1748 1226
1748 153
1748 1627
1864 148
1270 767
151 1537
1226 434
1226 1748
167 181
815 1375
1748 1226
14 750
1270 767
167 181
37 176
1270 767
284 284
1270 815
14 750
1270 767
1156 160
1270 767
159 159
167 181
1270 767
159 407
682 281
281 682
682 281
682 409
813 181
1864 181
181 813
813 181
37 168
181 813
167 181
37 168
813 181
167 181
181 813
1370 1748
159 407
1864 181
815 175
1748 1370
1370 1748
813 181
1864 181
181 813
1748 1370
813 181
1370 1748
1830 1830
1370 1483
1 152
181 813
1761 1750
813 181
993 167
1748 1370
224 224
1 152
1370 1748
282 282
23 24
751 1506
1074 149
14 23
1 152
1 152
1758 767
1 152
1464 1464
1375 312
730 1370
1480 298
293 183
730 1557
1629 282
1629 282
1557 730
279 279
555 329
1629 283
153 1748
1379 293
1748 153
815 1375
767 1758
37 1
204 1
1270 815
1270 282
1270 282
171 312
171 148
183 293
159 1758
171 148
293 183
993 284
1629 767
815 284
1538 176
1480 1746
1538 955
430 430
1334 1334
1629 1
1074 277
1480 767
312 1375
1480 201
278 1635
1074 277
277 181
1375 815
284 993
1074 277
1560 293
815 284
993 284
1 204
1074 277
1270 199
1633 1
1629 1
1074 277
1629 312
757 993
37 8
1480 767
757 152
1074 277
687 173
1480 199
1633 167
815 284
1629 199
1223 1748
1375 815
1629 1158
1223 1370
815 284
1629 1158
279 815
1074 277
1074 277
1633 993
1748 1736
815 310
993 1633
1627 1748
815 279
1375 815
1483 1370
1633 993
280 280
993 1633
1538 176
755 281
1627 1748
755 281
1375 993
1375 993
1731 8
755 181
28 280
1731 767
28 280
1538 176
1375 815
815 279
1731 176
755 167
284 815
1731 751
1627 1748
1538 176
1223 1748
1223 1748
1731 312
1221 298
1221 184
815 284
757 1596
1223 1748
1627 1748
1864 148
167 1633
284 815
298 1221
167 755
167 993
167 1633
993 167
1074 277
1627 284
167 993
426 426
1375 815
59 1156
1738 993
1864 148
1738 993
815 175
993 167
1738 993
290 290
1627 1506
409 682
1629 1221
1627 1732
1629 1221
815 284
167 993
175 993
757 1155
1504 1158
678 181
730 406
1864 148
730 406
993 167
993 175
1538 176
1504 407
1745 290
1504 29
167 993
993 167
1375 815
332 333
678 1512
167 993
678 290
195 1512
36 750
1633 167
993 167
1633 167
195 1512
1629 409
167 1633
1859 678
1633 167
1179 1179
195 1512
1504 993
167 993
185 167
167 1633
185 167
59 1156
1156 290
185 167
815 284
185 293
406 290
1859 1659
993 167
185 167
59 1156
1504 993
167 993
434 1221
59 1156
730 406
678 181
993 167
730 1537
185 167
815 284
185 767
750 36
1504 993
195 1512
815 284
185 293
1375 815
1504 993
406 730
1627 1732
1487 13
1758 767
185 293
1504 993
1627 36
730 406
1504 993
284 993
815 406
185 293
15 406
1627 296
1504 993
678 426
678 426
993 284
1627 425
185 293
15 406
1504 993
284 993
815 406
185 993
815 284
293 15
185 293
1504 1758
15 293
567 1748
284 815
293 15
815 406
185 293
185 993
1504 993
15 406
1537 730
815 284
167 993
428 815
185 293
15 293
730 1537
993 284
15 1746
284 815
1746 15
95 95
15 293
36 750
404 405
284 993
15 293
1758 1221
993 167
171 148
1504 993
171 312
1504 1158
15 293
171 815
993 284
284 993
171 312
1745 815
319 1855
1504 170
171 1158
15 406
167 993
1864 148
5 405
1504 170
1504 993
171 1221
171 562
15 293
1504 202
171 293
767 1758
1504 1158
1758 767
427 281
427 281
1504 170
171 293
1375 815
566 1750
171 148
767 1758
171 293
1504 1785
815 284
284 815
815 284
1504 748
1864 148
993 284
1504 170
171 815
171 148
993 167
171 293
1504 748
171 1158
434 167
1864 290
757 170
678 35
170 1221
1504 748
200 290
1504 993
757 170
296 1627
757 434
1504 993
566 1855
993 284
171 1158
1504 1158
566 1503
1504 993
1864 148
284 993
171 815
427 1512
171 1158
171 312
566 284
993 284
312 756
284 993
1629 815
1504 678
434 309
1504 993
1504 1158
171 815
171 1158
171 312
171 312
993 284
427 58
1504 1158
427 1658
566 173
1158 171
171 1158
1504 993
284 993
1504 1158
993 284
1158 171
430 767
1372 307
293 441
815 171
430 557
1504 993
1629 815
171 815
1504 1158
171 1158
1504 1732
1158 171
177 434
171 815
1504 1158
293 557
1504 1732
557 293
1158 1504
1732 1504
1504 993
1504 1732
293 557
557 293
1855 993
993 1504
1864 177
200 177
293 557
284 993
757 1732
1855 993
1855 319
993 284
952 1117
1855 993
952 563
1855 993
200 177
952 13
1864 177
1855 993
757 1732
200 177
1864 177
200 177
200 177
37 177
200 177
1855 993
993 284
1864 177
429 181
200 177
37 177
428 1504
200 177
429 167
37 280
1855 993
200 177
1864 177
37 177
200 177
200 177
37 177
37 177
37 177
284 993
37 177
159 955
159 407
432 431
37 177
159 1512
993 284
37 177
159 952
422 422
37 177
159 993
1758 767
159 1761
159 573
159 284
159 573
1273 1273
555 178
1758 178
1503 309
1158 1758
1635 278
428 952
202 1504
1223 1370
309 184
71 71
1370 170
1487 422
1370 1221
1487 284
7 1512
7 751
421 421
1864 148
915 915
547 547
550 550
185 993
185 767
1745 177
185 1504
421 194
14 555
1483 421
430 566
551 551
1629 177
421 1483
1483 421
1629 177
1629 177
1745 177
1629 177
1629 168
1629 177
551 327
551 399
549 549
1745 177
1629 177
430 1761
1629 177
552 168
1745 177
552 1483
430 201
767 1758
705 705
552 1557
773 773
549 1512
1745 177
1074 277
185 767
1629 177
421 1371
552 148
552 148
552 298
552 1483
1629 177
1745 177
1629 177
1610 1610
1463 1463
1745 177
194 421
430 1225
1745 177
1745 177
406 421
1629 177
839 839
1483 1512
1758 767
1222 767
552 148
1758 1158
751 551
1602 1602
1709 1709
1471 1471
566 1750
1586 1586
185 1512
182 1512
185 1512
1864 1372
167 429
1604 1604
1120 1512
311 815
546 546
767 1758
7 952
1748 1758
405 2
405 448
405 5
1758 767
1758 767
1716 1716
815 311
1505 1740
159 284
159 955
159 407
550 547
1142 1142
1120 1740
767 1758
1738 1504
1738 175
37 177
548 1370
548 1748
171 159
171 177
1417 1417
1738 545
37 177
547 550
171 815
171 421
1483 551
1158 1758
171 557
1758 767
1627 284
171 421
421 1483
421 194
1891 1891
202 1504
76 76
171 421
767 1758
1473 1473
171 148
1859 549
194 421
185 767
750 1763
1738 175
1718 1718
750 1763
750 1763
750 1763
543 543
185 767
567 1748
312 750
312 756
777 777
312 750
1469 1469
5 405
1233 1233
972 972
1531 1531
1678 1678
251 251
1711 1711
1475 1475
1713 1713
178 1758
178 10
1468 1468
178 555
1074 277
1029 1029
434 177
1731 148
1755 279
177 434
1068 1068
552 148
1156 546
1629 409
155 1627
756 312
2 405
182 201
687 549
687 11
567 1748
163 163
1485 177
155 421
155 298
1485 177
557 148
940 940
434 177
1485 177
155 177
155 409
155 409
557 1761
557 955
1378 543
310 309
775 775
177 434
177 1485
1223 1370
1223 1748
1627 27
1627 182
155 177
155 298
155 1627
1603 1603
155 1119
155 1119
155 449
544 1471
148 557
155 298
181 429
155 409
1896 1896
185 767
185 993
409 682
155 566
155 1226
155 1559
1483 421
155 422
155 422
155 181
948 948
1470 1470
955 557
1745 178
1654 181
557 955
155 1627
155 177
1470 1469
1470 1469
1470 1469
955 557
567 1748
406 1226
155 1470
434 177
1472 1472
1224 1733
155 1468
155 1475
155 1233
155 1233
155 1233
155 1233
155 1473
181 1654
1472 1633
1654 181
1761 1464
1761 1750
166 1156
148 181
181 148
148 181
1761 557
1654 181
1715 1715
181 148
555 178
1745 1463
181 1654
1472 993
757 1604
1629 177
1878 1878
1654 181
1654 181
1472 993
1080 1468
1654 181
430 201
1472 993
1606 1606
421 690
421 171
1605 1483
1605 755
1629 546
421 1483
1654 1606
14 171
1654 181
14 23
14 555
155 181
1370 1748
1748 1370
1483 421
1370 1748
1731 148
1370 1748
1748 1370
181 1654
818 815
1731 421
155 421
1748 1370
946 946
1607 1607
421 1483
1654 181
884 884
1731 1512
1370 1748
159 284
155 181
1483 421
159 993
181 1654
155 421
1654 181
1731 753
155 181
155 181
1537 573
429 167
1607 1483
1374 176
429 409
1745 753
171 177
171 421
138 138
1731 162
177 434
1074 277
1627 163
1895 1895
14 171
1222 767
1627 51
1627 51
1223 1224
1610 1611
1717 1717
293 1470
1627 1602
312 162
1156 166
167 429
1627 1557
1864 312
1557 1627
1156 1603
200 1233
1627 1557
1627 1557
25 993
1888 1888
1864 546
1864 312
1627 1557
171 177
1627 1748
171 177
1859 13
522 522
311 815
570 682
570 682
25 1156
1391 1391
312 756
1859 1156
1864 312
1627 1557
1859 13
25 279
1557 1627
1627 1557
204 1716
25 993
312 557
25 993
1557 1627
1810 1810
171 1715
557 955
1716 204
171 1715
1859 1156
25 1718
1859 13
1374 171
1748 1627
14 171
25 993
563 818
750 312
200 1717
1375 952
557 148
200 1717
412 412
1859 1156
557 312
1864 1717
1422 1422
1859 1156
204 1716
678 1468
678 1473
945 945
1859 1156
1712 1712
815 171
1745 753
1716 204
14 171
1738 175
37 1712
37 1712
14 204
14 171
1472 993
1472 204
1714 1714
1864 1717
37 1712
1711 1610
200 1717
1710 1710
1864 1717
1472 1610
1714 177
185 1156
185 1156
1864 1717
312 557
312 756
200 1717
185 1156
181 429
185 1156
312 1713
1859 1156
185 1156
1755 1710
185 1543
185 181
167 181
185 1717
327 551
1543 185
185 327
185 1717
185 1543
557 312
1859 1156
1893 1893
181 167
312 557
1758 159
159 1758
1709 1717
570 1890
1758 159
678 1543
430 201
159 1758
1717 1709
185 1717
167 181
185 1717
1629 177
1709 1717
181 167
185 298
185 1891
1553 1553
1629 1716
185 1710
598 598
1717 1709
1864 546
1709 1717
1480 1746
1480 298
652 652
1480 1746
1480 546
1709 1717
1480 1746
1480 1746
1480 1746
1480 1746
167 181
181 167
1270 178
1480 546
1888 1758
1480 1746
1864 546
1864 1889
1067 1067
650 650
1270 1751
1480 1746
1480 1746
1731 159
1758 1888
1731 546
1870 1870
1888 1758
1480 1746
1480 1746
181 167
1480 1746
1731 159
37 1712
755 1483
159 10
1731 767
1480 1746
37 1543
148 557
1731 159
678 159
1480 159
755 181
815 1888
1731 159
755 167
815 1888
37 1712
1731 159
1878 1483
1878 1610
1897 1897
1878 1156
1731 159
421 1483
1731 1712
421 171
1895 293
1731 159
1758 1511
430 8
430 767
1864 148
1731 159
1731 1870
594 594
1223 1371
1731 159
1893 563
1731 159
755 181
1731 1716
815 1888
1629 1716
1731 159
678 159
678 159
1480 159
1731 325
1731 159
678 159
1758 1716
678 159
1731 159
678 1896
1480 1896
678 159
942 942
1480 1712
678 159
1480 767
1731 159
678 159
1758 1888
993 1888
678 159
1731 159
678 159
678 159
1758 1897
185 767
1629 1716
678 159
1036 1036
1629 1716
678 159
947 947
1731 159
1895 293
678 159
948 815
1629 1716
815 948
1897 1758
815 948
755 181
170 1370
815 947
815 947
1731 159
815 947
1895 293
293 1716
185 298
1731 159
1629 1758
1629 946
1716 293
1629 815
1731 159
945 293
293 1716
171 421
815 947
678 159
1739 1716
1716 1739
185 201
993 947
1739 1716
947 993
945 293
28 946
177 1714
28 947
993 947
177 1714
815 947
28 947
947 993
993 947
947 993
1751 1489
678 947
1629 1716
28 946
993 947
1714 177
28 947
25 993
1629 177
177 1714
171 1716
678 35
25 947
1629 162
1629 177
945 293
171 1714
1716 1739
293 945
427 8
947 993
427 162
28 946
944 171
1629 177
1629 1557
1222 767
25 947
1629 175
945 293
947 993
1731 1714
25 947
185 321
1629 8
28 947
25 175
1629 177
25 947
1629 1716
1731 1650
1716 171
944 171
185 1158
28 946
1629 1736
557 148
28 947
1629 1716
171 1716
1629 1888
1629 955
293 945
427 1712
1538 293
1629 29
1629 177
1716 171
434 1226
1629 1716
943 943
1629 177
1629 767
171 1716
1731 948
1629 177
1751 813
171 946
28 1736
1538 293
1629 177
1371 1736
1745 177
1629 947
557 312
943 201
1629 177
185 948
1629 1512
1538 293
1745 177
1629 1746
171 946
171 946
171 946
148 557
1629 177
1629 1716
204 942
1629 1746
1716 171
945 293
957 751
1629 947
1629 1746
755 181
1629 177
1629 1219
1717 1709
1629 1371
1629 177
1293 1293
1629 1155
1629 293
1629 1650
427 177
1897 947
1629 941
1629 201
947 1897
1629 1155
1629 1712
1897 947
1370 548
427 177
204 940
1629 10
14 1155
1629 1371
939 939
171 1716
1897 1740
944 171
1629 1897
544 1471
1629 1604
293 945
1223 1748
1681 1681
1629 1219
1629 293
944 171
1629 939
1629 293
1629 1158
570 1370
945 293
1629 557
1223 421
1629 1740
1629 941
204 1716
1629 1870
945 1897
1629 1158
293 945
1629 293
1629 175
1897 1512
1629 941
1629 293
1895 947
406 939
1267 1267
1629 293
1629 1158
28 204
945 1897
1808 1808
159 1512
945 293
944 171
406 573
678 159
312 756
678 35
1629 948
1223 1897
1629 175
678 159
1629 175
430 201
312 557
312 750
678 1374
1629 557
1629 1633
175 993
1738 175
406 1870
1629 1067
1629 1068
1629 171
1629 1
1629 298
1629 153
406 1714
1629 434
1629 204
153 1748
1629 202
678 1374
1758 1
557 312
1270 1751
406 1650
945 293
557 148
1065 1065
1069 312
1070 1658
1063 751
1069 8
1063 312
1658 1070
1270 1714
1472 406
1472 406
1270 1888
1270 1717
312 557
1270 1711
430 1064
1370 1758
570 1370
1270 312
112 112
1063 312
1758 1370
1063 312
1270 1716
1063 1717
557 955
1063 312
1472 171
1063 312
434 1717
155 421
1063 1233
1413 1413
155 298
690 546
1063 421
155 177
1270 312
155 749
1270 312
557 312
678 1374
690 421
1270 1512
1270 199
155 181
265 265
155 1888
312 557
155 162
155 162
1758 162
155 8
1888 1758
945 293
1062 1062
678 159
678 159
159 1374
678 159
1270 312
1061 1061
155 312
945 293
293 557
1528 1528
1758 312
1859 678
1714 171
293 1710
945 293
1507 1510
1758 14
1710 1372
155 177
1895 1710
1895 1710
1714 406
945 293
1895 1065
778 778
944 171
1897 29
171 1714
945 293
767 1758
767 1758
1714 171
14 1758
944 171
37 948
1895 1065
155 177
945 293
1066 767
1758 767
171 1714
14 1758
767 1066
1066 767
37 162
1758 14
557 293
14 1758
767 1758
767 1066
1629 298
312 1758
1629 767
37 546
1061 1064
1066 767
767 1066
1758 14
1629 767
293 557
1629 546
14 1758
1066 767
944 171
815 171
155 177
557 312
1758 14
14 1758
557 293
1733 1224
1733 36
293 557
312 557
1066 1374
1758 14
1 1758
14 1758
780 780
1758 1
945 293
37 546
1061 58
1629 177
952 1062
952 1375
952 1117
408 947
1065 1895
1895 1065
952 1
751 957
1065 162
750 293
1065 1895
952 748
993 175
1864 546
952 1111
14 1745
952 293
1895 1065
781 781
563 1893
1629 780
952 690
14 1745
750 162
1629 1068
952 750
781 557
1758 14
750 947
1629 778
886 886
781 557
779 779
750 10
1629 778
781 557
14 1758
781 557
1629 778
750 557
781 557
14 1758
1371 778
993 8
1629 778
778 1371
1511 1758
952 439
1629 177
1629 778
1371 778
166 1156
1629 177
1629 177
993 1565
778 1371
166 1745
750 1711
750 557
1758 14
781 557
1758 14
1371 778
750 778
1758 779
778 1371
441 293
14 1758
778 750
166 1745
1629 177
779 1758
1629 948
166 1156
952 750
166 1745
1629 177
750 778
177 778
166 1745
778 750
952 750
1505 750
778 177
14 1758
1114 162
177 778
750 778
1629 177
778 177
952 750
1629 1064
750 557
778 750
177 778
750 778
778 177
778 177
1505 750
778 750
952 750
750 778
1758 14
1629 546
1505 546
952 750
1629 886
1114 1064
1114 15
952 750
442 777
952 750
442 1557
37 546
1658 1633
1658 750
1658 750
1658 750
358 358
750 1658
781 557
781 557
781 557
781 557
781 557
781 557
123 123
747 747
748 13
1483 421
945 293
878 878
1160 202
1270 1714
1160 946
1160 946
421 171
185 767
185 58
1745 58
7 952
1607 1765
421 690
421 1483
7 162
1472 171
