1811 552
1006 67
1006 541
552 1811
552 771
375 552
1210 673
1074 185
552 375
516 375
516 915
204 1660
492 378
148 171
421 955
673 1210
1 1861
1892 957
1892 1660
1370 931
375 516
1617 1128
161 673
1210 673
516 1487
378 492
1180 1074
1208 164
92 1663
92 330
43 989
1270 1466
1270 1209
1270 1483
673 161
673 1210
1180 1895
74 1374
1374 74
74 1374
1209 1270
1374 74
656 1442
74 1374
161 673
552 1064
552 183
74 1374
1374 74
185 1074
1374 74
1040 1074
931 1370
1487 516
955 421
43 791
43 791
1600 1825
1811 552
769 730
730 769
552 1811
1483 1270
516 1487
346 346
1210 673
1289 1442
1289 119
552 1256
1256 552
552 1256
1256 552
1256 552
552 1256
552 1210
22 28
67 1209
67 1006
1884 1059
114 67
114 891
1827 678
644 1074
644 1074
1210 552
1006 67
67 114
67 1006
552 1210
114 67
1210 552
552 1210
377 1363
67 114
678 1827
119 1289
1363 377
950 361
552 1361
1270 1209
114 67
1483 585
1483 755
1209 1270
67 114
1493 1416
755 1050
1494 1445
1180 1740
1416 1493
1740 1180
1180 1740
552 1740
1180 67
1740 1180
1740 552
1180 1740
92 1878
552 1740
1493 1416
1740 1180
1740 552
1416 1493
552 1740
1878 92
678 1472
1006 67
473 1363
891 114
74 1374
174 1483
1374 74
361 950
164 1208
22 1074
22 1663
1312 755
1210 552
1663 673
1074 1180
1074 185
1074 1040
1074 644
1811 552
1074 22
552 1210
552 1811
1849 320
1208 164
1210 552
552 1210
1884 371
755 371
950 361
1270 1209
552 84
84 552
552 84
84 552
552 84
361 950
371 1884
371 755
673 1663
673 1210
673 161
1861 1361
56 1811
56 201
56 1859
1289 119
1361 552
552 1361
406 371
562 1313
562 957
1210 673
1210 552
371 406
1209 1270
1209 899
114 891
56 1124
43 1210
552 1210
1327 742
957 562
1859 1459
1459 1859
201 56
1209 1210
67 1180
13 1874
1874 13
406 371
161 673
33 33
1295 1728
1859 56
67 33
134 742
1327 1160
678 1209
657 609
1769 1874
899 1209
119 1289
371 406
1234 158
43 1878
1878 43
43 1878
791 43
43 791
791 43
43 791
791 43
271 271
1757 271
945 552
730 133
730 667
730 555
730 710
730 874
730 1201
43 791
273 273
1312 1483
394 1804
84 114
891 114
516 935
552 945
1209 899
1724 1769
950 361
7 1102
1199 1371
158 1234
1313 562
985 424
1769 1724
121 1841
1234 158
555 380
1234 479
1234 1209
158 1234
1483 1312
1483 174
1483 33
1483 1874
1046 485
1046 1449
1664 1003
945 552
1209 1234
1209 678
1361 552
791 43
43 791
678 1209
43 1063
406 371
1063 43
1063 421
651 24
859 1270
43 1063
43 1740
1761 551
485 1046
673 1210
1210 673
673 1210
1210 673
673 1210
1210 673
1234 1209
1234 158
1811 552
1841 121
1660 204
552 1811
552 1361
552 945
1063 43
421 1063
272 272
272 1761
566 92
272 409
272 566
459 459
566 272
43 1063
566 272
1811 56
272 566
1209 1234
566 1040
1811 552
33 1483
552 1811
1209 1210
1877 1811
566 272
1811 552
552 1811
566 568
1811 1877
1034 1877
1877 1034
742 134
272 815
742 1327
1234 1209
1124 56
1234 33
1234 33
33 1234
1234 33
33 1234
1234 33
1361 552
33 1234
1483 33
33 1483
1234 33
1327 742
33 1234
1234 33
1234 33
552 1361
585 1483
33 1234
1234 33
1234 1588
33 1234
1234 33
33 1234
1234 33
185 1074
1040 566
1312 1483
176 957
1757 1063
164 1208
1861 1757
1861 1158
1158 1861
1757 1861
479 1234
1877 1034
945 552
195 945
1210 1209
94 945
1074 185
1234 479
185 1074
92 566
1063 421
1063 1757
185 858
43 791
1825 1600
552 945
43 1370
1740 43
945 94
945 195
945 552
552 945
552 1660
1660 552
1660 552
1660 1040
1660 722
1040 1660
1660 1040
1660 1040
43 1740
1740 43
1877 769
769 1877
1877 769
769 1877
1877 769
945 552
1209 1234
1493 1487
272 769
164 272
730 273
272 164
43 769
1209 678
164 272
532 185
899 1209
204 1660
185 532
609 1537
43 609
609 657
609 43
43 185
43 609
272 164
552 945
552 1660
272 164
185 43
164 272
541 1006
1590 1209
272 164
164 272
1487 1493
945 552
1074 185
730 1660
1861 1158
552 945
945 552
1735 378
1006 541
552 945
552 1735
552 421
552 1149
195 945
945 552
945 195
1270 859
1270 1209
1270 1209
563 1220
94 945
1660 552
1724 1769
1724 1769
1209 1590
552 945
552 1660
552 1829
272 164
150 1417
1537 609
1074 1617
678 1209
945 552
185 1074
945 94
1370 43
1370 231
1220 563
552 945
945 552
1493 1487
43 1370
43 185
1483 585
274 755
1483 1312
1217 516
1590 1209
1617 1074
1234 1209
1512 1483
673 1210
272 742
1074 1617
1074 185
378 1735
114 1483
1512 1483
185 1074
1617 1074
22 1074
1660 552
274 1483
742 272
1164 755
1483 1512
1483 114
1483 1512
1483 274
94 945
945 94
552 1660
1289 119
1417 150
1537 609
361 950
769 272
74 1374
231 1370
1664 1063
791 43
307 1660
119 1289
43 791
1158 1861
100 1466
1282 39
1402 1402
94 945
1210 673
1074 1617
1074 185
1074 22
945 94
275 275
1210 1209
275 67
275 1608
275 538
185 1074
1617 1074
471 201
1037 1037
1063 1664
1209 1210
1209 1270
1209 1234
1209 678
1160 1327
1660 307
1003 1664
1270 1209
1210 1209
1102 7
566 92
566 1040
566 673
1256 1344
1256 94
94 1256
1256 94
94 945
94 1256
1256 94
94 1256
1256 94
94 1256
563 1220
673 1210
1210 673
673 1210
1210 673
673 1210
1210 673
609 1537
609 1537
361 950
479 1234
479 96
479 96
479 96
479 96
378 492
56 1497
1289 119
92 566
673 1210
1234 1209
1209 1210
492 378
1209 1234
1209 1270
1234 1209
1209 1234
378 492
1878 275
566 92
678 1209
678 1662
678 1662
1210 1209
1210 673
1710 769
1852 784
1444 803
673 1210
673 566
421 552
1210 673
1497 56
22 1074
272 1497
1580 1064
201 471
673 1210
119 1289
562 1313
543 1217
1120 1661
563 1220
563 730
471 201
1853 266
1642 516
1642 1691
552 421
538 100
1617 43
516 1642
516 1217
1487 1859
1040 566
1064 1580
789 952
859 1270
657 609
195 779
1468 1483
755 33
201 471
769 1710
1074 185
609 657
1074 1617
1074 22
185 1074
1608 275
1664 1063
275 1608
275 1878
347 347
421 1063
421 955
421 552
779 195
1663 570
1663 22
1663 673
552 421
1270 859
1270 1209
1312 1483
844 1312
1074 185
56 201
56 1859
185 1074
185 1074
56 1811
158 1532
56 1124
56 1497
7 1102
1600 1825
1497 56
1617 1074
43 1617
43 67
43 33
67 43
457 457
67 1878
1074 185
516 769
1288 1288
552 492
471 201
43 67
67 43
43 67
1617 43
1063 1664
1063 421
1532 158
1617 43
1074 1617
1022 1022
158 1532
185 1074
1811 56
20 276
20 276
955 421
1287 1287
1287 375
375 1287
1287 375
375 1287
375 1408
92 566
1327 1288
58 1268
185 532
1210 673
1408 375
421 955
33 755
33 43
1617 1074
375 1408
532 185
185 532
955 421
673 1210
1102 7
185 483
1532 158
532 185
185 532
532 185
532 185
185 532
185 532
1769 1281
532 185
74 1466
1466 74
563 1402
195 779
803 1444
1312 844
1312 844
1312 563
563 1312
563 730
1312 563
563 1312
1312 563
1313 562
1210 673
1878 275
1478 1160
1478 35
43 33
43 1617
1478 229
43 375
492 552
552 492
844 1312
275 1878
158 1532
275 1878
1532 158
1617 43
1074 185
1074 1617
43 1617
483 778
769 516
1217 543
1217 516
1878 275
1878 275
375 43
375 43
779 195
1013 1414
185 1074
1256 94
94 1256
375 114
1180 1074
742 275
1483 1022
275 742
275 1361
1361 275
458 458
275 355
275 1039
275 1608
275 119
119 275
563 1312
570 1663
1120 1661
1256 94
1312 563
1312 844
43 1312
1852 67
1312 43
201 471
1663 570
1074 1180
43 1312
1039 275
94 1256
94 355
94 635
43 58
742 275
43 742
742 43
742 1022
1414 1013
844 1312
67 1852
1013 1414
516 355
516 742
742 516
516 851
742 516
516 742
742 516
552 742
742 552
43 742
114 375
43 742
552 742
1289 119
1588 1234
791 43
1617 1074
114 84
65 563
1209 1270
1209 1270
1414 1013
471 201
43 791
43 185
1063 1588
742 552
185 43
742 43
1622 949
1622 957
1380 1380
1380 114
1380 1852
1852 1380
1380 1158
204 1660
1380 1852
1380 521
1380 423
1380 1212
1380 29
1380 763
1588 1063
375 114
164 1593
1380 1878
119 1289
552 742
201 471
114 1380
114 375
1270 1209
1270 1209
563 65
1208 164
1158 1380
673 1210
1852 1380
673 1642
673 1270
673 161
563 730
1766 857
1766 1552
1766 723
1608 275
1380 114
1380 1158
1380 1852
1380 150
195 779
563 730
563 730
563 730
563 730
563 730
949 1622
1660 204
1015 1046
1478 789
275 1608
1478 791
1210 673
43 742
43 185
43 1380
43 94
1013 1414
1013 1414
1878 1380
1380 1878
1074 185
1074 1617
94 43
185 43
185 1074
516 1038
164 1208
43 185
43 94
1074 185
94 43
94 43
94 43
1220 1537
1003 1287
1375 742
818 563
818 54
114 1380
185 1074
185 43
185 254
375 114
54 818
161 673
94 164
723 1766
1766 723
1766 1620
1537 1220
1380 114
1380 657
164 94
891 933
1755 94
985 407
742 1375
742 43
742 552
1772 375
275 1608
1380 1164
1380 6
570 1663
563 818
375 1772
563 1220
552 742
1158 1380
340 340
563 65
65 563
563 65
563 65
65 563
65 563
65 563
563 65
563 65
563 65
563 65
563 730
94 164
94 1755
94 1663
1074 185
1380 441
1772 375
1478 945
1617 1074
1617 43
164 94
275 1059
1478 1276
1478 1504
1478 319
1478 1585
1478 920
1478 896
1478 1625
1478 172
1478 1444
1478 1361
1478 1811
1478 1263
1478 851
43 1617
43 742
43 185
1478 1614
43 94
1478 906
1537 1039
1478 956
43 1414
43 1478
1478 1599
1478 254
1478 43
1478 1168
1478 989
94 164
1478 524
1478 286
1478 1374
1478 1468
1478 1312
1478 78
1478 1533
1220 1537
1220 563
730 1015
563 730
563 730
563 730
563 1220
1537 1220
1478 1218
1289 119
1590 1608
945 1478
461 461
185 43
185 1074
185 1074
1755 94
1361 1478
1063 1588
344 344
1582 600
254 1478
94 1755
1664 1413
94 1588
1039 1537
114 1380
1212 1380
195 613
39 957
7 1585
7 1585
7 1585
7 1585
7 1585
1220 1537
43 1478
43 185
1218 1478
1218 114
114 1218
185 43
742 43
742 552
552 742
657 1380
957 39
1588 1063
1588 94
844 468
468 844
185 637
1468 1478
844 468
468 844
1281 1769
94 1588
94 43
1483 468
611 94
1588 94
1769 1281
1263 1478
1477 468
989 1478
43 94
43 742
43 185
361 842
844 468
185 43
566 1040
566 92
275 1361
730 1037
100 538
1040 566
468 1477
468 1483
468 844
266 1853
1281 1769
844 468
742 43
742 552
886 1840
1847 1414
100 1466
100 1497
119 1289
1344 1256
552 742
1483 468
1063 1588
1769 1281
1617 1874
742 552
1852 100
43 742
100 1852
43 185
1852 100
100 1852
1477 468
566 1040
566 1861
1852 100
1825 1600
1040 566
1797 1797
43 1600
56 1797
56 1811
275 769
1797 56
56 1797
43 570
275 1608
755 1797
1374 1478
1795 1795
1795 1407
563 730
563 1859
563 1487
563 730
6 1380
563 730
1414 43
1414 1847
1414 94
1414 1013
100 176
1847 1414
552 742
1140 1414
1811 1478
7 1811
1811 56
1811 7
1811 1212
1811 1829
516 468
755 1312
43 1414
43 185
1588 1063
1642 516
1642 673
755 33
185 43
1497 100
1478 945
43 185
1478 254
1478 1218
1074 1617
1478 1468
1478 989
1478 1811
1478 492
1478 396
158 1105
254 1478
1478 121
1478 254
1478 1396
1478 1103
1478 1701
1478 1479
1023 901
1750 28
1478 1874
1478 254
1478 626
1478 727
1841 732
1478 1034
1841 851
1406 1406
1013 1414
1841 28
1841 896
1841 896
1841 178
1841 1102
1841 398
1841 659
1841 524
1013 1414
100 1406
1406 1512
1256 1344
1478 1287
1406 100
1063 1588
7 1811
1380 114
1608 1590
1608 275
1380 1212
1380 657
1289 119
1380 6
1859 461
742 552
742 43
56 1287
56 1288
1811 1478
552 742
1811 7
1344 1256
43 742
1617 1074
1588 1063
1829 1811
1256 94
7 1811
742 43
742 552
570 74
74 570
468 516
468 1477
468 1483
468 844
570 74
945 1478
74 570
570 74
570 118
118 570
570 118
570 33
566 1040
570 74
118 570
74 570
570 74
570 118
74 570
1478 1811
43 742
6 1380
1478 945
1797 755
1478 1361
755 1797
118 570
755 1614
1614 755
755 1614
1797 755
1614 755
755 1614
755 1797
538 100
275 1462
1218 1478
119 1289
1512 1406
441 1380
844 468
600 1582
873 254
43 1074
43 1158
43 1640
43 1735
945 1478
1312 43
1312 844
1312 1478
1312 755
563 1220
1312 1483
94 611
94 1588
94 43
94 1256
94 1414
516 468
516 1797
1797 56
1797 516
1478 1218
1074 43
1478 1312
1312 1478
1478 945
1811 1829
278 1642
1811 7
100 1797
100 1811
1811 1478
1811 100
7 1811
552 742
563 1220
1220 563
1853 266
1590 1608
844 1312
1414 1847
100 1811
1414 94
1829 1811
1414 1013
43 94
43 1312
1847 1414
65 1220
1218 1478
1074 657
1755 94
1640 43
43 1640
1013 1414
43 272
1380 6
1380 441
94 1414
272 176
94 1755
742 552
742 43
1811 7
33 570
1811 1829
1811 100
1877 1811
1811 552
1877 1811
201 56
1811 1877
1811 74
1877 1811
74 1811
468 516
114 1380
43 742
84 114
84 922
1380 114
844 1361
1361 844
552 1811
1797 441
552 1797
552 1811
7 1811
7 769
100 1811
7 848
848 7
7 848
7 848
94 1361
1590 844
1003 742
742 1003
742 43
1811 1877
1811 74
1811 552
1811 552
1811 7
1829 1811
722 1660
1811 100
844 1590
552 1811
657 1074
100 1811
1074 657
74 1374
74 1811
1361 94
94 1361
94 945
1477 468
563 730
1478 1797
844 446
600 945
1312 844
844 848
848 844
563 1617
945 600
945 94
563 730
1483 1312
94 945
100 1811
516 468
1617 563
1006 1797
1478 1312
7 1811
1478 1811
1478 1218
56 201
56 1811
43 742
844 848
673 1642
1013 1414
742 43
43 742
1220 65
563 1617
43 1059
742 43
779 1206
1414 1013
1361 94
94 1361
94 779
521 1380
302 1661
114 84
330 92
1478 161
1478 762
1478 1210
1811 1829
1811 552
460 460
67 1478
1884 67
67 1884
1811 100
1811 100
1811 74
460 459
1811 100
460 461
1811 7
1811 1478
74 1811
1811 56
1811 74
552 1811
552 1811
848 844
7 1811
1590 844
1210 1478
1210 1478
611 94
678 458
678 1497
1497 678
678 1497
678 1497
1811 74
1811 552
1497 678
74 1811
1477 1497
1497 1477
1497 1477
1477 1497
1477 1497
1497 1477
1477 1497
1497 1477
1477 1859
1477 1497
1497 1477
1477 1497
1477 100
100 1477
1497 1477
1477 1497
1477 1497
1497 1477
1477 1497
1497 1477
1477 1497
1497 1477
1477 1497
1234 67
1497 1477
272 1497
1477 1497
43 742
1497 1477
552 1811
275 1724
1724 275
1797 552
1797 1006
161 1478
552 1797
161 1724
275 1724
65 1220
844 1590
844 848
844 1312
375 1636
563 730
1797 755
1312 844
1312 1483
1312 1478
563 730
231 118
43 1312
1312 43
1361 94
278 161
94 611
1478 1210
1478 1210
1478 67
1478 1811
1210 1478
56 1797
56 1497
1497 56
1206 779
457 1478
1478 457
457 1478
43 1312
1478 1312
844 1512
1478 1210
455 455
1220 65
67 1234
67 1478
1059 43
1059 1884
1478 1206
1210 1478
860 272
1288 56
1477 1497
1497 1477
1478 1210
1477 1497
1590 844
1478 67
1497 1477
67 1478
600 945
1074 114
945 600
1797 100
43 1059
1655 1797
1877 1497
1655 1538
272 860
848 844
1497 1877
1811 74
1811 552
1811 1478
552 1811
1811 552
600 945
161 278
1210 1478
1859 1477
1797 161
552 1811
1180 1797
1797 1180
1074 1180
1180 1074
1180 1797
1797 1180
1877 1124
94 566
1477 1859
566 94
1477 1497
456 456
94 566
278 161
94 815
56 1288
918 1797
1797 918
957 456
957 1874
1538 1655
1797 56
918 1797
1234 67
844 1590
67 1234
74 1811
275 119
1234 769
1074 1180
567 471
6 1466
1059 43
563 1220
563 730
65 1220
1105 158
94 1361
1478 67
1478 1811
1478 1210
457 1478
457 1478
457 1478
1497 1477
67 1478
1234 1497
1811 1478
563 1220
135 1380
135 1288
1210 1478
1610 569
1829 1811
1210 1478
1497 1234
1003 742
119 275
56 1497
348 348
56 1811
922 84
56 1797
355 516
1220 65
1006 1797
1497 56
1478 1210
1478 67
1478 1811
1487 563
438 656
43 1059
67 1478
1234 1497
1234 1414
1797 1006
438 1797
1210 1478
742 1003
1063 1588
1497 1234
779 94
779 1206
779 1206
656 438
100 419
755 1797
1477 1582
1622 844
1234 1497
114 1074
336 336
56 1497
56 1497
335 335
516 355
1497 56
438 1148
438 1148
438 656
94 779
1874 957
1124 56
56 1124
1124 56
56 1124
1124 56
56 1124
1124 56
56 1124
1124 56
56 1124
1124 56
56 1124
1124 56
1234 1497
419 1036
1497 1234
1036 419
43 1288
1164 1380
67 1164
67 185
67 56
1003 742
673 1210
779 94
185 67
1210 673
67 185
272 67
67 272
272 67
272 67
67 272
67 272
272 67
67 272
272 67
1477 1497
742 1003
1797 438
957 1874
161 1797
161 278
94 779
1497 1477
67 94
656 438
1724 275
1724 161
201 56
1797 1655
673 1210
673 161
673 569
278 1642
1884 1797
1655 1797
779 94
1477 1497
278 161
1811 1478
1811 1829
1811 56
471 567
471 201
114 176
161 673
161 278
161 1724
56 67
94 67
67 56
67 94
94 779
94 67
779 94
176 114
114 176
201 471
278 161
43 1036
33 272
678 1497
150 1380
43 150
43 201
161 278
43 33
43 795
1210 673
33 43
43 33
43 67
67 43
278 161
43 67
33 43
67 43
43 33
43 67
1797 56
1797 1884
43 1483
1483 43
43 1483
1483 1312
1483 1288
1483 1655
272 33
33 272
272 33
33 272
272 33
33 272
1036 43
272 33
33 272
272 33
43 1036
33 272
272 33
33 272
272 33
33 272
272 33
33 272
272 33
33 272
424 985
272 33
33 272
272 33
1483 1361
1483 43
43 1483
769 1234
769 119
43 769
769 43
43 769
43 1859
161 278
1478 1210
1210 1478
1478 1811
1210 1478
1478 1210
1210 1478
1478 1210
1478 1210
1210 1478
1210 1478
1478 1210
1478 1210
1210 1478
56 1497
1210 1478
1478 1210
1210 1478
1210 1478
1478 1210
1210 1478
1478 1210
1210 1478
1478 1210
1210 1478
56 1797
1478 1210
1210 1478
1478 1210
1210 1478
1478 1210
201 43
1036 43
1363 1069
43 201
43 1036
43 860
278 161
278 33
1182 28
176 114
678 67
678 1168
67 678
678 67
678 67
678 455
678 455
67 678
678 67
56 67
678 1662
678 1662
678 547
1036 43
678 67
678 1468
678 1468
678 1468
43 1036
1661 302
678 1661
1250 1370
1234 769
1462 275
1462 393
119 769
1312 1483
1312 1478
1074 114
1478 1312
524 1580
67 678
67 56
1414 253
1414 1013
463 463
791 43
1022 1684
272 524
1013 1414
1588 643
454 454
454 730
1483 43
1046 485
1046 1015
1046 47
1483 1312
94 779
43 1483
43 791
454 730
1483 43
56 67
67 56
1483 454
67 254
454 1483
67 43
1478 791
1478 463
779 94
1811 1478
43 67
43 1483
1877 779
43 296
1148 891
1148 1221
43 1444
1148 1444
114 176
94 779
114 1074
779 94
779 1877
67 43
94 779
43 67
161 278
278 161
161 278
67 43
278 161
43 67
278 161
67 43
43 67
67 43
67 43
1588 566
43 67
43 32
32 43
43 32
67 43
985 424
43 67
32 43
67 43
566 1588
43 32
43 67
43 375
479 1234
1234 479
1180 723
1180 32
723 1180
1180 723
723 1180
609 65
1180 723
723 1180
424 985
1180 723
43 889
1180 795
176 114
723 1180
723 1180
1483 43
1483 454
1483 1661
1483 462
1483 43
43 1483
1370 1250
1478 1811
678 67
779 94
43 254
67 678
1250 1370
43 1113
43 1852
1113 43
43 1113
1113 43
43 1113
94 779
1374 74
1074 114
1577 181
1414 1013
730 454
563 1487
1478 218
779 94
155 1417
94 779
779 94
1769 779
94 779
471 201
1829 1811
43 67
67 43
343 343
1180 254
1180 1074
1074 1180
67 343
150 43
779 94
779 1769
94 779
124 791
1289 119
779 94
119 1289
94 779
1883 890
1582 1477
1380 1663
701 701
43 150
43 67
1327 1809
485 1046
114 354
1234 479
355 516
552 1778
7 355
1761 272
32 1180
1731 518
94 187
778 483
985 424
161 278
161 278
762 1478
278 161
762 769
678 67
860 43
43 860
272 860
860 272
272 860
860 272
272 860
860 272
272 860
901 1023
272 441
94 611
1478 762
1417 155
1417 187
779 94
1769 779
1015 1046
1861 119
1877 730
1113 730
755 1113
1113 755
730 1877
755 1113
1113 730
730 1113
1877 730
1113 755
755 1113
1113 755
755 1113
1113 755
755 1113
1113 755
1113 755
755 1113
43 32
730 1113
94 779
779 94
94 779
483 778
1270 84
769 762
1414 1013
751 1063
673 1210
673 161
56 67
56 201
56 1811
56 84
56 1346
1210 673
344 518
1478 1210
779 94
755 254
43 67
43 1811
67 43
1811 56
43 67
67 43
518 344
518 344
518 1731
344 518
43 67
67 43
161 278
94 779
43 67
278 161
67 43
43 67
67 43
43 67
67 43
43 67
67 43
43 67
67 43
43 67
67 43
32 43
43 32
43 67
32 43
67 43
43 32
43 67
67 1610
67 43
1610 67
67 1610
43 67
67 43
1610 67
1610 67
67 1610
43 67
67 1610
1610 67
1610 67
67 43
67 1610
67 1610
43 67
67 43
1610 32
1610 67
43 67
67 1610
67 43
1610 67
1610 67
67 1610
43 67
67 43
43 67
67 43
43 67
67 43
43 67
1811 1478
119 1861
1811 43
43 1811
1811 1829
1811 43
345 345
345 346
896 1841
43 1811
518 344
459 460
231 118
419 438
438 419
84 1270
272 419
438 419
1256 1430
1430 1256
118 231
1250 1074
419 438
419 272
419 438
779 94
1841 1797
1040 844
94 779
1074 1250
1478 1811
569 673
1164 67
779 94
438 419
1731 518
1731 518
94 779
67 1164
67 1636
1414 1013
419 438
673 1210
438 419
1210 673
1210 1478
419 438
438 419
1478 1210
419 438
438 419
23 1327
119 116
769 1430
779 94
1430 769
339 339
344 339
188 568
67 344
339 344
94 779
344 67
67 344
201 471
1046 1015
1046 47
779 94
94 779
187 1417
94 67
67 94
67 43
94 67
43 67
67 94
67 43
43 67
94 67
67 43
1580 524
1256 1430
43 67
67 94
67 43
181 1577
67 438
43 67
253 1414
1811 1478
1811 43
1731 1797
614 11
161 278
161 673
1797 755
43 1811
1430 1256
1210 1478
1811 43
43 1811
762 1478
43 1263
231 118
769 1430
1063 751
769 1600
278 161
890 1883
427 890
890 427
1466 340
1430 769
43 375
43 1878
341 341
1820 341
1847 181
1847 361
1478 762
1478 1210
1478 1811
1478 67
1414 253
1210 1478
643 1588
67 1478
344 518
11 614
275 1608
1588 643
1256 1430
779 94
1478 1210
1478 67
94 779
751 1063
518 344
66 43
614 11
844 614
779 94
1892 352
94 779
355 7
1210 1478
7 355
1610 1209
779 94
253 1414
1210 1608
43 66
518 1731
43 859
94 779
94 67
164 1208
1209 1610
779 94
278 1199
1430 1256
94 779
673 161
673 1210
673 569
1608 1210
1608 275
1847 1004
779 94
844 119
94 779
1478 1210
1063 751
1210 1608
1210 1478
1210 1608
1206 1478
1206 779
643 1588
524 1483
524 1111
524 1803
524 571
524 1234
524 248
524 342
524 662
524 1487
524 1264
524 1029
524 1558
524 455
524 752
524 927
524 1282
524 347
524 1440
524 674
524 289
524 1824
524 348
524 707
524 1160
524 1859
524 712
524 1789
524 204
524 1540
524 1596
524 706
524 11
524 709
524 1547
524 708
524 625
524 636
524 845
524 1601
524 1773
524 1165
524 1692
524 1634
524 1505
524 473
524 1794
524 703
524 702
524 1652
524 884
524 705
524 704
524 161
524 894
524 339
774 524
67 94
339 201
339 1512
339 524
673 463
1212 1811
43 1288
1731 518
1212 1380
181 1040
518 1731
1608 1210
552 1811
1040 181
352 1892
569 673
1588 643
1210 288
673 569
1666 219
1892 352
56 659
43 375
43 296
463 673
463 56
673 463
56 463
1288 135
1288 1040
1040 1288
375 43
1288 1040
43 375
352 1892
1040 1288
375 43
43 375
375 43
43 375
375 43
43 1288
43 375
1288 43
43 1288
375 1288
375 43
1180 1288
43 375
1288 1180
1288 375
1288 43
43 1288
375 1288
1288 375
1288 43
375 1288
43 1288
1288 43
43 1288
1288 43
43 1288
1288 43
43 1288
779 94
1180 1074
844 446
446 844
446 844
844 446
446 844
1380 1212
119 844
1430 1666
275 119
176 957
1312 1483
1312 1478
272 1312
1312 272
272 1312
56 1454
1006 1797
266 1497
1006 1288
361 1847
1234 524
463 673
463 56
1497 266
119 275
272 1825
957 176
288 1210
1811 552
1811 1212
1811 43
43 1811
1811 1478
1811 43
673 463
201 339
1210 288
1672 1408
1847 361
463 673
1847 361
1483 524
1483 1312
673 463
673 1483
673 185
552 1811
1478 409
1212 1811
751 1063
1841 795
574 574
524 1483
524 1234
657 1074
361 1847
1581 1074
563 65
1312 1483
1312 272
1074 657
463 673
614 844
1847 361
185 673
185 673
611 94
266 1497
1478 1312
657 1074
844 614
1478 1811
1074 657
361 1847
361 1847
94 779
94 611
67 1610
43 1811
1289 119
1847 361
1063 751
339 201
1483 1454
43 492
1481 1855
1481 195
673 185
673 1124
673 463
673 1497
119 1289
657 1074
1074 657
43 254
43 254
32 6
185 673
43 67
67 43
43 67
67 43
43 67
67 43
43 67
67 43
1877 1811
43 67
94 68
67 43
201 339
43 67
67 43
43 67
67 43
43 67
67 43
43 67
67 43
43 67
1124 673
67 43
673 1124
673 1124
1124 673
673 185
1124 673
673 1124
185 673
43 67
673 1124
1124 673
673 1124
1124 673
67 43
673 1124
673 185
1124 673
67 185
43 67
67 43
673 1124
43 67
1124 673
673 1124
1124 673
673 1124
67 43
185 673
43 67
1124 673
67 43
673 67
67 673
185 67
673 1124
673 67
67 185
67 673
673 67
67 673
673 67
673 1124
67 673
1124 673
1124 673
185 67
43 67
67 43
67 185
185 67
185 67
67 185
67 185
185 67
67 185
185 67
67 185
185 67
67 185
185 67
67 185
185 67
67 185
185 67
67 185
185 67
185 67
185 67
43 67
67 185
67 185
67 43
43 67
185 67
67 43
614 844
43 67
1483 673
673 1483
700 700
479 1234
479 401
272 687
919 1608
795 1841
43 1674
844 891
441 272
441 1797
43 278
278 43
43 278
43 719
1208 164
