154	165
154	159
154	165
155	168
150	156
174	175
171	172
78	111
151	165
45	62
152	165
159	175
45	62
164	174
157	159
45	62
164	174
152	165
45	62
150	158
164	174
24	75
152	165
152	165
150	158
45	62
164	174
152	165
164	174
164	174
63	71
9	71
31	34
63	71
164	174
43	72
63	71
43	72
164	174
43	72
24	75
164	174
43	72
164	174
43	72
43	72
9	22
63	71
43	72
63	71
31	34
43	72
63	71
43	72
9	22
63	71
43	72
9	22
63	71
164	174
43	72
63	71
164	174
43	72
63	71
164	174
164	174
63	71
63	71
63	71
63	71
43	72
63	71
63	71
63	71
63	71
63	71
164	174
63	71
63	71
164	174
63	71
63	71
63	71
63	71
63	71
43	72
63	71
43	72
63	71
63	71
63	71
31	34
164	174
63	71
31	34
63	71
63	71
63	71
63	71
165	172
43	72
63	71
165	172
43	72
165	172
43	72
42	48
63	71
43	72
63	71
63	71
165	172
43	72
63	71
43	72
63	71
63	71
43	72
150	158
15	48
15	48
12	46
43	72
43	72
46	75
71	75
43	72
12	75
9	46
9	22
43	72
154	175
43	72
15	48
43	72
12	46
9	46
15	48
12	46
12	46
150	158
12	46
43	72
9	46
43	72
150	158
24	75
154	175
31	34
24	75
24	75
9	46
24	75
150	158
43	72
42	48
24	75
150	158
24	75
12	46
164	174
43	72
24	75
43	72
43	72
12	46
24	75
42	48
154	175
12	46
24	75
42	48
12	46
41	72
24	75
159	175
154	175
43	72
42	48
12	46
24	75
159	163
159	175
43	72
24	75
43	72
157	159
153	169
164	174
43	72
154	175
12	46
153	169
42	48
43	72
42	48
154	175
24	75
42	48
164	174
24	75
157	159
42	48
161	169
156	170
24	75
161	169
156	170
63	71
24	75
42	48
161	169
24	75
42	48
24	75
42	48
164	174
24	75
164	174
24	75
174	175
164	174
24	75
12	46
24	75
154	175
24	75
12	46
43	72
154	175
12	46
43	72
24	75
154	175
24	75
12	46
43	72
43	72
12	46
24	75
154	175
169	178
12	46
24	75
24	75
42	48
24	75
42	48
24	75
43	72
42	48
43	72
42	48
154	175
12	46
42	48
43	72
12	46
24	75
42	48
12	46
63	71
24	75
12	46
43	72
12	46
43	72
174	175
43	72
169	178
43	72
169	178
12	46
43	72
154	175
12	46
169	178
154	175
169	178
150	159
169	178
150	158
43	72
150	159
150	158
12	46
24	75
169	178
168	176
43	72
150	159
24	75
169	178
150	159
169	178
150	159
169	178
24	75
150	159
169	178
12	46
169	178
12	46
169	178
63	71
43	72
12	46
164	174
169	178
169	178
164	174
43	72
150	159
164	174
43	72
43	72
42	48
43	72
42	48
15	42
12	46
43	72
42	48
12	46
43	72
42	48
43	72
43	72
24	75
9	22
43	72
24	75
164	174
43	72
164	174
41	72
164	174
157	159
164	174
164	174
156	170
9	46
151	172
9	46
159	163
9	46
164	174
43	72
171	178
43	72
171	178
164	174
43	72
161	169
164	174
169	178
161	169
164	174
161	169
153	169
161	169
153	169
43	72
161	169
169	178
153	169
43	72
161	169
43	72
161	169
161	169
63	71
43	72
161	169
153	169
43	72
12	46
161	169
153	169
161	169
153	169
161	169
12	46
150	159
153	169
161	169
12	46
8	69
8	69
161	169
153	169
168	176
1	8
161	169
153	169
151	172
161	169
12	46
43	72
161	169
12	46
43	72
1	8
8	69
161	169
1	8
151	172
161	169
1	8
161	169
1	8
161	169
153	169
1	8
161	169
12	46
1	8
154	175
161	169
43	72
8	69
161	169
43	72
8	69
151	172
161	169
43	72
8	69
151	172
161	169
164	174
43	72
161	169
150	158
41	72
8	69
164	174
154	175
151	172
161	169
150	158
164	174
8	69
43	72
42	48
161	169
150	158
164	174
8	69
43	72
12	46
161	169
153	169
43	72
151	172
161	169
12	46
164	174
8	69
159	164
43	72
8	69
161	169
43	72
12	46
9	46
8	69
161	169
12	46
43	72
8	69
161	169
12	46
43	72
8	69
150	158
161	169
12	46
8	69
161	169
150	158
43	72
8	69
161	169
150	158
43	72
8	69
161	169
43	72
8	69
161	169
150	158
31	34
161	169
153	169
31	34
8	69
154	175
43	72
8	69
161	169
153	169
167	169
31	34
161	169
153	169
31	34
43	72
112	116
31	34
43	72
161	169
153	169
164	174
43	72
106	110
153	169
161	169
164	174
43	72
161	169
153	169
112	117
106	110
63	71
112	116
43	72
106	110
12	46
161	169
106	110
126	127
112	117
63	71
106	110
153	169
112	116
153	169
161	169
150	158
9	46
161	169
12	46
150	158
164	174
112	117
106	110
153	169
112	116
112	117
12	46
150	158
159	175
153	169
161	169
12	46
153	169
150	158
164	174
8	69
63	71
159	175
8	69
12	46
150	158
164	174
153	169
161	169
153	169
12	46
164	174
63	71
1	8
150	158
150	158
161	169
63	71
12	46
153	169
150	158
161	169
12	46
159	175
12	46
161	169
153	169
43	72
161	169
12	46
153	169
8	69
159	175
126	127
8	69
153	169
161	169
12	46
8	69
12	46
161	169
153	169
150	158
161	169
153	169
12	46
164	174
8	69
63	71
8	69
12	46
161	169
150	158
164	174
1	8
153	169
161	169
126	127
12	46
161	169
153	169
12	46
164	174
8	69
150	158
161	169
12	46
153	169
8	69
150	158
126	127
43	72
161	169
150	158
12	46
8	69
153	169
43	72
161	169
153	169
12	46
164	174
8	69
112	116
156	170
126	127
8	69
153	169
12	46
1	12
161	169
12	46
153	169
8	69
150	158
112	116
156	170
161	169
153	169
12	46
8	69
112	116
156	170
8	69
153	169
161	169
126	127
12	46
161	169
153	169
161	169
126	127
161	169
153	169
126	127
161	169
153	169
43	72
150	159
153	169
161	169
126	127
153	169
161	169
126	127
112	116
112	116
161	169
153	169
126	127
161	169
153	169
164	174
126	127
43	72
112	116
161	169
153	169
126	127
8	69
161	169
126	127
161	169
164	174
8	69
126	127
43	72
8	69
161	169
126	127
164	174
161	169
164	174
24	75
112	116
126	127
161	169
126	127
164	174
24	75
161	169
126	127
164	174
161	169
126	127
164	174
161	169
1	12
164	174
1	8
126	127
1	8
161	169
126	127
164	174
161	169
164	174
161	169
161	169
126	127
126	127
1	12
161	169
12	46
126	127
1	12
161	169
12	46
126	127
1	12
161	169
12	46
126	127
161	169
1	12
12	46
159	175
126	127
161	169
12	46
1	12
167	169
126	127
151	172
161	169
1	12
12	46
126	127
151	172
161	169
12	46
1	12
15	48
126	127
1	12
161	169
12	46
43	72
112	116
161	169
1	12
126	127
12	46
161	169
15	48
1	12
150	159
161	169
1	12
15	48
154	175
161	169
12	46
153	169
15	48
154	175
1	12
161	169
12	46
15	48
153	169
1	12
161	169
15	48
1	12
153	169
154	175
174	175
15	48
161	169
153	169
164	174
15	48
12	46
153	169
12	46
153	169
164	174
15	48
15	48
12	46
164	174
43	72
161	169
12	46
15	48
153	169
43	72
12	46
153	169
43	72
1	8
12	46
153	169
43	72
150	159
161	169
12	46
153	169
15	48
43	72
161	169
12	46
153	169
15	48
154	175
43	72
161	169
153	169
12	46
15	48
154	175
43	72
154	175
161	169
12	46
43	72
161	169
12	46
169	178
154	175
43	72
154	175
161	169
12	46
43	72
161	169
12	46
43	72
154	175
161	169
12	46
43	72
161	169
12	46
43	72
161	169
12	46
161	169
12	46
161	169
12	46
43	72
161	169
12	46
9	22
126	127
43	72
161	169
12	46
43	72
161	169
12	46
43	72
154	175
161	169
12	46
154	175
161	169
43	72
154	175
161	169
63	71
43	72
126	127
161	169
63	71
43	72
161	169
63	71
161	169
63	71
112	116
126	127
43	72
1	8
161	169
126	127
160	163
161	169
126	127
161	169
126	127
63	71
161	169
12	46
126	127
161	169
153	169
12	46
63	71
126	127
43	72
161	169
12	46
153	169
126	127
43	72
161	169
12	46
153	169
126	127
43	72
161	169
12	46
153	169
63	71
126	127
43	72
161	169
153	169
12	46
8	69
63	71
126	127
43	72
161	169
12	46
153	169
63	71
126	127
43	72
161	169
153	169
12	46
63	71
112	116
126	127
43	72
161	169
153	169
63	71
126	127
43	72
161	169
12	46
153	169
8	69
126	127
43	72
161	169
12	46
153	169
8	69
43	72
126	127
161	169
153	169
161	169
153	169
153	169
161	169
126	127
161	168
161	169
153	169
161	169
151	152
152	155
153	169
8	69
8	69
161	169
126	127
8	69
126	127
161	169
153	169
8	69
161	169
153	169
161	169
153	169
31	34
1	8
153	169
161	169
15	48
153	169
51	126
1	8
12	46
153	169
15	48
51	126
1	8
161	169
153	169
12	46
15	48
161	169
15	48
12	46
153	169
112	116
156	170
161	169
153	169
12	46
15	48
8	69
161	169
12	46
153	169
8	69
161	169
12	46
15	48
8	69
8	69
15	48
161	169
12	46
161	169
153	169
12	46
15	48
8	69
161	169
15	48
12	46
8	69
168	169
167	169
42	63
154	175
161	169
153	169
15	48
31	34
8	69
161	169
15	48
153	169
31	34
8	69
42	63
161	169
15	48
164	174
8	69
8	69
12	46
15	48
161	169
15	48
12	46
8	69
112	116
161	169
12	46
153	169
15	48
8	69
1	8
154	175
161	169
15	48
12	46
154	175
161	169
12	46
15	48
164	174
153	169
154	175
12	46
153	169
164	174
154	175
42	63
161	169
12	46
12	46
153	169
156	170
12	46
8	69
161	169
8	69
161	169
164	174
8	69
63	71
164	174
164	174
63	71
154	175
168	176
156	170
155	176
161	169
155	168
153	169
168	176
168	176
153	169
155	168
161	169
155	168
12	46
153	169
63	71
154	175
168	176
154	164
161	169
150	173
15	48
153	169
154	174
63	71
169	178
154	175
168	176
161	169
150	173
155	168
15	48
153	169
154	174
161	169
150	173
153	169
154	175
161	169
161	166
153	169
171	178
167	168
169	178
168	176
150	166
161	169
150	161
161	166
150	151
151	156
156	164
151	169
168	169
155	161
42	63
166	169
155	169
168	176
167	168
164	173
155	166
150	169
150	161
161	166
150	151
153	166
12	46
155	176
42	63
153	169
161	169
153	169
12	46
156	164
15	48
151	159
166	169
168	176
153	161
15	22
161	169
156	174
171	172
161	166
150	151
12	46
173	176
155	168
15	48
156	164
150	164
156	173
152	178
63	71
42	63
166	169
168	176
161	169
150	169
171	172
161	166
166	169
15	48
156	164
150	165
168	169
63	71
156	174
150	173
161	169
150	173
155	168
166	169
15	48
156	164
42	63
151	165
71	75
161	169
157	169
150	173
155	168
166	169
150	151
12	46
155	176
15	48
159	167
151	173
168	176
157	166
161	169
150	173
155	168
15	48
150	151
12	46
155	176
31	34
151	165
150	165
155	159
166	169
168	176
159	176
161	169
157	169
150	173
155	168
158	159
166	169
150	151
15	48
155	176
31	34
151	173
150	165
153	169
151	165
168	176
43	72
161	169
150	173
161	166
155	168
166	169
150	151
15	48
155	176
31	34
9	22
168	176
126	127
43	72
161	169
161	166
150	173
150	151
166	169
155	168
15	48
155	176
31	34
63	71
42	63
9	22
168	176
43	72
161	169
150	173
161	166
150	151
166	169
9	63
22	63
150	165
63	71
46	63
43	72
161	169
150	165
161	166
150	173
150	151
166	169
99	103
9	63
9	71
69	71
9	46
63	71
168	176
43	72
46	63
46	71
2	92
161	169
150	151
15	63
168	176
41	63
155	168
166	169
43	46
46	71
9	22
22	43
9	43
34	54
150	165
150	173
99	103
46	69
9	46
155	176
34	63
157	168
161	169
150	165
150	173
150	151
166	169
15	63
155	168
155	176
15	71
151	173
151	165
168	176
165	173
161	169
150	165
150	173
166	169
15	63
150	151
1	29
15	71
161	166
151	165
78	111
43	72
161	169
145	147
150	151
15	63
168	176
153	161
150	173
161	166
155	168
166	169
106	111
112	114
150	165
8	42
155	176
1	29
15	71
43	72
161	169
145	147
150	151
15	63
154	159
163	165
150	165
168	176
153	161
155	168
166	169
34	143
111	127
106	123
134	137
150	173
134	147
155	176
15	71
8	69
123	127
78	111
161	169
151	163
150	151
116	130
150	163
163	165
168	176
90	134
153	161
161	166
166	169
31	143
151	165
150	165
150	173
163	173
155	176
106	116
123	127
161	169
151	163
150	151
116	130
150	163
163	165
35	74
161	166
31	143
22	63
168	169
150	165
150	173
95	127
63	109
9	12
90	145
127	130
155	176
157	168
123	127
161	169
22	71
66	74
150	163
163	165
35	74
153	161
155	168
166	169
150	151
168	169
150	165
150	173
63	109
144	147
157	168
163	173
155	169
78	111
163	165
150	165
155	168
166	169
150	151
151	173
66	74
116	130
150	163
51	126
46	69
155	169
78	111
163	173
127	143
151	163
150	151
66	74
116	130
150	163
163	165
155	168
166	169
112	127
150	165
150	173
8	46
46	69
123	143
8	69
157	168
163	173
118	155
127	143
150	151
46	69
8	87
150	163
153	161
155	168
166	169
112	127
151	165
118	161
31	112
150	165
150	173
69	87
95	155
118	153
8	46
123	143
46	87
8	69
95	168
95	118
150	151
46	69
8	87
150	163
163	165
165	173
143	147
155	168
166	169
15	41
112	127
31	112
150	165
1	129
69	87
95	155
66	74
8	46
9	12
15	109
118	161
8	69
78	111
95	168
151	163
9	69
46	69
8	87
22	41
163	165
41	71
166	169
15	41
150	151
161	168
151	165
150	165
150	173
69	87
95	155
9	12
24	75
150	163
15	71
78	111
95	168
118	155
47	145
8	87
22	41
125	129
8	69
86	146
155	168
159	177
166	169
15	41
114	130
83	116
118	161
15	22
150	165
1	129
69	87
95	155
114	116
118	153
8	46
115	129
46	69
9	12
116	130
140	141
47	62
83	114
31	112
163	173
78	111
95	168
83	130
43	72
66	74
8	87
22	41
115	125
153	161
155	168
166	169
15	41
1	125
142	145
150	165
1	129
69	87
95	155
114	116
139	141
8	46
115	129
92	141
46	69
9	12
95	153
110	157
78	111
95	168
110	157
116	130
22	41
115	125
41	43
153	161
125	129
86	146
166	169
15	41
17	109
1	125
142	145
31	123
110	168
15	22
92	127
150	165
69	87
95	155
139	141
8	46
115	129
46	69
9	12
8	87
22	43
8	69
163	173
29	129
78	111
8	87
22	41
115	125
41	71
153	161
86	146
166	169
15	41
1	125
142	145
150	165
157	168
69	87
8	46
115	129
46	69
9	12
116	130
95	153
8	69
74	92
163	173
78	111
143	146
22	71
8	87
22	41
150	165
41	71
47	142
166	169
15	41
17	109
1	125
142	145
31	127
153	155
69	87
95	155
29	125
95	161
46	69
79	114
9	12
95	153
31	123
1	29
8	69
157	168
163	173
78	111
88	109
155	169
8	87
22	41
150	165
47	142
125	129
166	169
15	41
1	125
142	145
115	125
95	169
69	87
95	155
29	125
115	129
95	161
46	69
151	158
9	12
95	153
99	103
29	115
1	29
15	71
8	69
157	168
29	129
78	111
72	147
46	69
116	130
41	71
95	169
15	41
153	169
99	103
31	123
150	165
69	87
95	155
29	125
8	46
155	169
9	12
8	87
9	46
1	29
8	69
157	168
29	129
78	111
88	109
15	43
155	169
22	41
115	125
41	43
86	146
159	177
15	41
153	169
135	140
112	123
22	43
150	165
95	155
99	103
29	125
115	129
46	69
42	62
9	12
42	142
154	177
1	29
8	69
62	142
157	168
29	129
78	111
15	43
153	166
47	145
115	125
41	43
153	161
166	169
15	41
153	169
17	109
135	140
131	134
150	165
95	155
99	103
29	125
42	62
9	12
42	142
15	71
8	69
62	142
157	168
78	111
15	43
22	41
41	43
153	161
95	169
125	129
86	146
153	169
17	109
43	71
131	134
115	125
95	155
99	103
29	125
115	129
155	169
42	62
9	12
22	43
1	29
15	71
8	69
62	142
157	168
29	129
78	111
15	43
157	176
41	43
168	176
15	71
95	169
125	129
153	169
17	109
22	41
131	134
150	165
95	155
99	103
29	125
123	132
115	129
155	169
151	158
42	62
9	12
22	43
42	142
115	125
29	115
8	69
62	142
157	168
29	129
15	43
150	151
29	115
157	176
115	125
41	71
41	43
168	176
153	161
95	169
125	129
166	169
153	169
17	109
22	41
151	165
43	71
22	43
150	165
157	168
95	155
99	103
150	158
118	153
29	125
115	129
42	62
9	12
1	29
15	71
8	69
62	142
74	92
29	129
155	169
15	43
157	176
115	125
41	71
41	43
168	176
15	71
140	143
125	129
166	169
118	169
17	109
95	169
43	71
150	165
158	165
95	155
29	125
9	12
29	115
1	29
62	142
157	168
29	129
15	43
153	166
157	176
115	125
41	71
41	43
168	176
153	161
140	143
125	129
166	169
17	109
150	165
158	165
95	155
150	158
29	125
9	12
1	29
15	71
8	69
62	142
157	168
29	129
78	111
15	43
161	169
47	145
157	176
150	165
41	71
95	176
168	176
140	143
166	169
17	109
22	41
22	43
115	125
95	155
150	158
123	132
79	114
9	12
15	71
8	69
157	168
78	111
15	43
161	169
153	166
29	115
47	145
116	130
157	176
115	125
41	71
41	43
95	176
168	176
15	71
153	161
125	129
43	54
155	168
166	169
153	169
118	169
17	109
22	41
43	71
22	43
15	22
150	165
158	165
95	155
150	158
29	125
9	12
114	123
155	176
1	29
8	69
157	168
95	168
15	43
31	132
153	166
153	169
116	130
150	165
41	71
41	43
95	176
168	176
153	161
43	54
155	168
112	127
17	109
150	160
22	43
115	125
158	165
95	155
150	158
24	88
9	12
46	87
155	176
1	29
15	71
8	69
95	168
15	43
161	169
116	130
22	41
115	125
41	71
41	43
95	176
168	176
153	161
43	54
155	168
17	109
43	71
95	159
152	156
150	165
158	165
95	155
24	88
8	46
79	114
9	12
31	128
155	176
15	71
8	69
159	174
75	88
78	111
95	168
15	43
47	145
116	130
17	109
150	169
43	54
156	169
78	132
115	125
159	169
80	164
9	12
1	29
15	71
87	132
95	154
15	43
47	145
116	130
168	176
166	169
17	109
15	22
157	159
115	125
9	41
80	164
24	88
8	46
79	114
9	12
111	144
15	71
43	63
78	111
116	130
41	43
168	176
15	54
140	143
86	146
41	63
43	54
41	54
157	160
22	43
43	63
114	116
159	175
9	12
22	54
155	176
8	69
75	88
123	127
169	175
15	43
160	177
164	166
15	63
116	130
22	41
51	126
95	99
41	43
81	131
9	12
43	54
41	63
15	41
8	142
69	142
111	146
17	109
22	63
168	169
78	132
92	142
131	134
15	22
41	54
43	63
48	71
150	173
35	88
81	134
150	164
167	169
15	54
22	43
155	161
161	169
153	169
111	131
116	130
95	99
168	176
8	142
69	142
17	109
134	144
12	48
157	159
115	125
150	173
9	48
150	158
167	169
9	12
141	144
153	165
1	29
8	69
161	169
153	169
24	75
95	99
8	142
69	142
17	109
12	48
157	159
115	125
150	173
9	48
114	116
150	158
134	141
9	12
154	173
141	144
164	174
8	69
140	148
87	132
161	169
153	169
15	63
116	130
22	41
86	146
8	142
69	142
111	146
15	22
99	110
157	159
150	173
114	116
150	158
115	129
95	110
80	129
9	12
134	141
164	174
8	69
143	148
2	122
92	144
116	130
22	41
95	99
63	66
158	163
125	129
24	109
15	41
153	169
43	71
41	54
157	159
150	158
15	61
115	129
90	132
9	12
89	134
125	145
1	29
8	69
29	62
29	129
95	110
112	127
97	115
95	99
63	74
9	12
24	109
15	41
43	46
153	169
111	146
132	142
41	54
15	22
157	159
115	125
150	173
150	158
134	141
15	61
90	132
47	69
71	109
116	130
41	61
1	29
8	69
22	61
8	47
137	145
161	169
1	8
158	163
15	41
15	26
2	115
157	159
9	48
134	141
15	61
47	69
9	12
41	61
164	174
106	116
26	61
95	110
8	47
137	145
29	97
1	8
80	89
86	146
51	97
132	142
41	54
157	159
9	48
150	158
26	41
9	12
29	126
164	174
106	116
90	93
87	142
29	97
95	99
26	54
86	146
51	97
90	137
97	125
41	54
157	159
61	66
26	41
47	69
9	12
46	63
1	46
169	172
171	172
29	126
97	115
164	174
95	110
8	47
161	169
29	115
29	97
89	91
26	54
153	169
9	47
108	110
97	125
41	54
2	47
157	159
22	26
9	48
139	141
26	41
12	47
2	9
9	12
46	63
29	51
169	172
97	115
164	174
157	159
29	51
161	169
9	48
26	41
8	69
112	118
97	129
46	63
26	54
41	54
157	159
161	169
154	175
97	129
26	54
12	69
41	54
134	137
29	95
26	41
9	12
97	115
164	174
88	109
161	169
15	63
134	137
9	12
41	54
126	127
157	159
9	48
95	115
150	158
139	141
26	41
95	97
47	61
2	9
97	129
29	125
2	12
164	174
58	126
29	129
161	169
51	126
108	110
26	63
62	69
8	15
126	127
15	22
157	159
134	137
9	48
150	158
139	141
134	141
47	61
26	41
15	54
12	15
164	174
8	69
29	129
157	159
161	169
150	173
9	46
9	63
12	46
139	141
108	110
134	141
132	148
160	163
41	54
1	8
62	69
46	63
1	12
157	159
161	169
2	35
15	48
62	69
29	129
160	163
121	122
1	8
134	141
157	159
61	66
12	46
15	48
134	141
160	163
58	130
112	116
29	129
157	159
134	137
58	130
12	46
15	48
134	141
160	163
47	61
61	66
51	58
157	159
161	169
29	125
15	48
1	12
81	140
121	122
29	129
51	58
134	141
157	159
161	169
81	140
51	58
160	163
121	122
29	129
9	12
134	141
88	109
157	159
134	137
51	58
160	163
121	122
29	129
161	169
134	137
9	46
51	58
160	163
121	122
29	129
161	169
164	174
51	58
143	148
9	22
161	169
164	174
51	58
9	22
157	159
9	22
134	141
51	58
157	159
81	140
121	122
51	58
157	159
134	137
45	62
9	46
1	12
81	140
132	148
29	129
51	58
161	169
9	46
81	140
9	22
29	129
51	58
161	169
81	140
9	46
51	58
51	127
134	141
161	169
9	46
12	46
1	12
51	58
81	140
134	137
9	46
12	46
150	158
51	58
161	169
134	137
9	46
150	158
12	46
51	58
134	141
47	61
150	158
134	141
157	159
161	169
150	158
29	129
142	143
88	109
157	159
161	169
134	137
9	46
150	158
29	129
157	159
150	159
161	169
9	46
12	46
150	158
121	122
157	159
161	169
140	145
150	158
164	174
121	122
157	159
12	46
150	158
121	122
9	22
157	159
87	142
161	169
9	46
12	46
114	116
150	158
126	127
157	159
150	159
161	169
134	137
12	46
150	158
158	163
161	169
134	137
114	116
150	158
164	174
121	122
158	163
8	69
161	169
12	46
150	158
164	174
121	122
158	163
157	159
161	169
12	46
150	158
164	174
15	22
157	159
161	169
150	158
114	116
12	46
164	174
121	122
9	22
157	159
150	173
9	46
12	46
150	158
9	22
126	127
157	159
134	137
12	46
114	116
150	158
51	58
9	22
126	127
157	159
134	137
12	46
114	116
150	158
121	122
159	175
9	22
157	159
134	137
61	66
12	46
150	158
51	58
159	175
157	159
61	66
171	172
12	46
114	116
150	158
157	159
134	137
171	172
150	158
114	116
12	46
134	137
9	46
12	46
150	158
121	122
9	22
15	22
150	158
169	172
159	175
121	122
114	116
150	158
22	48
150	158
134	137
61	66
22	48
150	158
80	91
157	159
134	137
61	66
150	158
159	175
157	159
61	66
164	174
157	159
8	69
22	48
61	66
164	174
157	159
22	48
61	66
114	116
158	163
157	159
22	48
61	66
157	159
22	48
61	66
114	116
158	163
15	22
157	159
134	137
61	66
114	116
15	22
157	159
61	66
22	48
9	22
114	116
29	129
15	22
157	159
22	48
114	116
159	175
158	163
126	127
15	22
157	159
22	48
159	175
29	129
126	127
157	159
22	48
159	175
158	163
126	127
157	159
22	48
12	46
159	175
29	129
158	163
126	127
157	159
22	48
150	158
158	163
157	159
150	173
22	48
12	46
157	159
22	48
81	140
157	159
8	69
15	48
81	140
9	22
158	163
157	159
161	169
114	116
140	145
15	48
81	140
8	69
88	109
114	116
15	48
157	159
81	140
157	159
125	129
12	46
150	158
51	58
8	69
29	125
157	159
114	116
12	46
150	158
51	58
29	129
157	159
1	12
12	46
51	58
29	129
88	109
157	159
134	137
12	46
15	48
51	58
157	159
12	46
164	174
51	58
157	159
114	116
164	174
51	58
80	91
29	129
88	109
157	159
114	116
81	140
51	58
157	159
9	46
114	116
51	58
29	129
157	159
114	116
51	58
29	129
157	159
114	116
15	48
51	58
157	159
134	137
9	46
150	158
164	174
51	58
114	116
150	162
157	159
134	137
9	46
150	158
164	174
51	58
114	116
29	129
157	159
134	137
9	46
114	116
150	158
164	174
51	58
159	175
29	129
157	159
9	46
114	116
150	158
51	58
134	137
157	159
9	46
114	116
150	158
51	58
8	69
157	159
9	46
150	158
51	58
174	175
157	159
9	46
150	158
87	142
134	137
9	46
150	158
51	58
8	69
159	175
87	142
9	46
150	158
15	48
159	175
150	158
15	48
51	58
159	175
157	159
114	116
150	158
51	58
174	175
157	159
134	137
9	46
150	158
15	48
51	58
114	116
157	159
9	46
114	116
150	158
134	137
29	129
174	175
157	159
134	137
61	66
45	62
9	46
15	48
150	158
114	116
157	159
142	147
134	137
150	158
114	116
15	48
157	159
134	137
61	66
114	116
150	158
29	129
88	109
157	159
150	159
134	137
61	66
150	158
9	22
157	159
134	137
9	46
150	158
51	58
88	109
157	159
134	137
61	66
45	62
9	46
157	159
150	158
157	159
161	169
134	137
61	66
150	173
150	158
51	58
105	113
161	169
114	116
150	158
154	159
134	137
159	175
161	169
114	116
150	158
105	113
159	175
154	175
161	169
134	137
150	173
9	46
150	158
51	58
114	116
159	164
114	116
153	169
150	158
159	175
157	177
161	169
114	116
150	158
51	58
159	175
161	168
161	169
8	12
114	116
150	158
51	58
105	113
47	61
159	175
63	71
150	173
9	46
150	158
51	58
47	61
154	175
63	71
161	169
169	172
9	46
12	46
51	58
168	169
63	71
29	129
157	159
161	169
12	46
153	169
51	58
8	69
157	159
161	169
12	46
29	129
87	142
161	169
134	137
45	62
150	173
150	158
12	46
105	106
51	58
157	159
161	169
134	137
154	173
150	173
150	158
158	163
126	127
157	159
161	169
134	137
154	173
161	169
134	137
150	158
51	58
143	148
161	169
150	158
51	58
161	169
150	173
150	158
51	58
1	8
29	129
126	127
161	169
134	137
150	158
51	58
161	169
134	137
161	169
134	137
150	173
12	46
81	140
161	169
134	137
12	46
81	140
154	175
51	58
157	159
161	169
134	137
12	46
81	140
154	175
51	58
157	159
161	169
134	137
12	46
164	174
51	58
157	159
161	169
134	137
150	158
12	46
51	58
121	122
154	175
157	159
161	169
134	137
150	173
12	46
51	58
121	122
157	159
161	169
134	137
61	66
150	173
9	46
12	46
51	58
9	22
157	159
161	169
134	137
9	46
12	46
153	169
81	140
51	58
157	159
87	142
161	169
134	137
9	46
12	46
51	58
9	22
154	175
87	142
161	169
134	137
12	46
9	46
1	12
153	169
51	58
121	122
157	159
161	169
134	137
171	172
150	173
9	46
51	58
154	175
157	159
71	75
161	169
134	137
51	58
173	175
154	175
157	177
157	159
161	169
9	46
51	58
8	69
143	148
9	22
142	143
8	69
161	169
134	137
171	172
9	46
139	141
51	58
154	175
88	109
157	159
161	169
171	172
51	58
8	69
157	159
161	169
134	137
12	46
51	58
121	122
161	168
134	137
51	58
121	122
8	69
29	129
157	159
9	46
114	116
150	158
51	58
121	122
126	127
157	159
71	75
9	46
51	58
143	148
29	129
71	75
134	137
171	172
9	46
51	58
29	129
71	75
134	137
9	46
51	58
47	61
71	75
9	46
15	48
51	58
154	175
157	159
71	75
134	137
171	172
9	46
1	12
153	169
51	58
154	175
158	163
126	127
157	159
161	168
134	137
9	46
15	48
51	58
154	175
88	109
157	159
105	106
171	172
9	46
15	48
51	58
88	109
157	159
105	106
134	137
9	46
51	58
29	129
158	163
174	175
157	159
134	137
9	46
51	58
29	129
158	163
2	15
88	109
157	159
92	144
9	46
51	58
29	129
157	159
87	142
9	46
1	12
51	58
29	129
126	127
157	159
134	137
9	46
114	116
51	58
134	137
9	46
51	58
126	127
157	159
134	137
9	46
51	58
88	109
157	159
134	137
12	46
51	58
157	159
134	137
171	172
9	46
51	58
161	169
171	172
9	46
51	58
157	159
161	169
171	172
51	58
159	163
158	163
157	159
161	169
9	46
51	58
159	163
29	129
158	163
157	159
134	137
9	46
51	58
134	137
9	46
12	46
51	58
88	90
121	122
29	129
157	159
134	137
12	46
51	58
157	177
157	159
8	69
161	169
12	46
51	58
161	168
157	177
157	159
8	69
161	169
12	46
161	168
51	58
157	177
157	159
134	137
51	58
8	69
159	175
157	159
87	142
134	137
153	169
51	58
159	175
134	137
12	46
153	169
51	58
159	175
157	177
157	159
87	142
150	158
51	58
8	69
29	129
158	163
157	159
12	46
150	158
164	174
51	58
161	168
81	140
157	177
157	159
150	158
164	174
51	58
81	140
157	177
164	174
81	140
8	69
154	175
158	163
51	58
157	177
159	164
8	69
154	159
81	140
121	122
159	175
158	163
29	129
154	175
51	58
157	177
157	159
8	69
161	169
150	158
161	168
121	122
154	175
157	177
157	159
8	69
134	137
153	169
51	58
121	122
159	163
159	175
81	140
157	159
81	140
161	168
8	69
159	175
51	58
8	69
161	169
134	137
81	140
158	163
51	58
164	174
81	140
8	69
51	58
157	159
161	169
134	137
81	140
8	69
143	148
159	163
51	58
157	177
157	159
71	75
134	137
51	58
121	122
8	69
158	163
81	140
157	159
161	169
134	137
51	58
121	122
158	163
81	140
157	159
51	58
121	122
159	175
158	163
157	159
71	75
161	169
134	137
9	46
164	174
51	58
171	178
159	175
158	163
134	141
161	168
161	169
134	137
81	140
158	163
51	58
157	159
134	137
51	58
161	168
158	163
134	141
51	58
87	142
153	169
51	58
161	168
105	113
121	122
157	159
87	142
153	169
51	58
160	163
121	122
71	75
161	169
134	137
153	169
51	58
121	122
157	159
151	172
161	169
51	58
105	113
121	122
157	159
161	169
121	122
126	127
88	109
157	159
161	168
161	169
9	46
153	169
105	113
88	109
157	159
161	169
9	46
51	58
105	113
121	122
88	109
157	159
161	168
161	169
9	46
1	12
105	113
121	122
159	175
154	175
157	159
161	169
9	46
156	171
1	12
105	113
154	175
159	164
156	171
161	169
51	58
157	159
161	169
159	175
126	127
157	159
87	142
161	169
134	137
51	58
159	175
29	129
134	141
157	159
161	169
134	137
51	58
159	175
157	159
161	169
134	137
164	174
161	168
157	159
161	169
164	174
51	58
161	168
9	22
161	169
51	58
154	175
161	169
15	48
161	169
15	48
51	58
158	160
9	22
154	175
9	22
161	169
157	177
51	58
161	169
134	137
1	12
51	58
126	127
161	169
171	172
51	58
157	159
161	169
51	58
9	42
9	22
161	169
134	137
171	172
134	141
51	58
161	169
51	58
151	172
161	169
51	58
161	169
61	66
51	58
154	175
157	177
161	169
157	177
159	175
51	58
71	75
161	169
61	66
159	175
9	46
51	58
8	69
151	172
157	177
71	75
161	169
9	46
12	46
51	58
157	177
161	169
61	66
9	46
51	58
157	177
105	113
51	58
9	46
71	75
51	58
105	113
134	141
88	109
161	169
9	46
51	58
88	109
157	159
161	169
51	58
157	159
161	169
61	66
9	46
51	58
47	61
157	159
161	169
9	46
81	140
105	113
29	129
134	141
126	127
157	159
161	169
51	58
9	46
81	140
143	148
134	141
157	159
71	75
161	169
9	46
153	169
51	58
105	113
157	159
161	169
9	46
51	58
105	113
159	175
71	75
161	169
134	137
9	46
15	48
51	58
105	113
159	175
61	66
9	46
15	48
51	58
105	113
154	175
161	169
12	46
51	58
29	129
150	159
161	169
12	46
9	46
150	158
15	48
51	58
105	113
161	169
12	46
15	48
81	140
105	113
29	129
51	58
174	175
150	159
71	75
161	169
150	158
12	46
51	58
134	141
161	169
126	127
51	58
150	159
71	75
161	169
15	48
51	58
161	169
121	122
51	58
161	169
9	46
51	58
105	113
121	122
126	127
88	109
161	169
134	137
9	46
51	58
105	113
126	127
88	109
157	159
161	169
134	137
9	46
51	58
121	122
157	177
157	159
161	169
134	137
9	46
51	58
105	113
159	175
9	22
126	127
157	177
157	159
161	169
9	46
51	58
105	113
9	22
88	109
157	159
161	169
134	137
9	46
51	58
105	113
29	129
126	127
88	109
157	159
161	169
51	58
8	69
105	113
63	71
159	175
29	129
157	159
161	169
114	116
9	46
51	58
121	122
159	175
29	129
126	127
157	159
161	169
134	137
171	172
9	46
8	69
114	116
121	122
157	159
161	169
134	137
9	46
51	58
8	69
105	113
157	159
134	137
9	46
126	127
88	109
157	159
161	169
114	116
29	125
105	113
158	163
157	159
161	169
134	137
51	58
157	177
161	169
134	137
88	109
161	169
134	137
2	35
81	140
51	58
88	109
157	159
161	169
134	137
1	12
15	48
81	140
8	69
51	58
88	109
157	159
161	169
81	140
105	113
105	115
51	58
157	159
161	169
114	116
15	48
81	140
105	113
51	58
126	127
161	169
9	46
15	48
81	140
105	113
121	122
29	129
51	58
8	69
161	169
151	172
15	48
81	140
51	58
88	109
151	172
161	169
58	130
15	48
51	58
51	58
29	129
58	130
9	46
15	48
51	58
134	137
58	130
9	46
15	48
1	12
81	140
8	69
134	141
51	58
134	137
58	130
9	46
15	48
51	58
29	129
134	141
134	137
58	130
9	46
51	58
9	22
88	109
134	137
9	46
51	58
9	22
29	129
81	140
58	130
9	46
1	12
81	140
9	22
51	58
157	159
58	130
51	58
9	22
81	140
88	109
157	159
58	130
9	46
81	140
9	22
51	58
134	137
58	130
9	46
15	48
81	140
86	146
51	58
87	142
58	130
51	58
86	146
81	140
87	142
58	130
51	58
35	42
9	22
81	140
157	159
81	140
9	22
51	58
157	159
87	142
58	130
81	140
9	22
51	58
58	130
51	58
9	22
87	142
134	137
58	130
51	58
9	22
29	129
134	137
171	172
87	142
51	58
9	22
151	172
161	169
58	130
25	30
51	58
9	22
161	169
134	137
58	130
51	58
143	148
9	22
126	127
161	169
58	130
51	58
159	175
81	140
126	127
58	130
164	174
51	58
159	175
126	127
161	169
134	137
58	130
87	149
12	46
25	30
51	58
9	22
161	169
58	130
12	46
25	30
81	140
51	126
121	122
159	175
9	22
134	137
58	130
12	46
25	30
51	126
126	127
150	159
161	169
151	172
12	46
25	30
126	127
150	159
161	169
58	130
25	30
51	58
126	127
150	159
161	169
142	147
25	30
51	58
121	122
58	130
126	127
142	147
150	159
161	169
58	130
25	30
51	58
51	126
121	122
29	129
154	175
126	127
150	159
161	169
142	147
9	46
25	30
58	130
51	126
121	122
29	129
154	175
51	58
126	127
161	169
58	130
9	46
25	30
51	58
51	126
126	127
161	169
58	130
9	46
1	12
25	30
51	126
126	127
161	169
134	137
58	130
12	46
1	12
25	30
51	58
51	126
29	129
126	127
150	159
161	169
9	46
1	12
12	46
81	140
51	126
143	148
9	22
51	58
126	127
150	159
161	169
58	130
9	46
81	140
51	126
9	22
126	127
157	159
161	169
134	137
58	130
12	46
9	22
126	127
157	159
161	169
58	130
1	12
29	129
51	126
9	22
78	111
126	127
157	159
161	169
58	130
9	46
81	140
9	22
78	111
126	127
157	159
161	169
58	130
9	46
150	158
171	178
126	127
157	159
161	169
58	130
171	178
51	126
126	127
157	159
161	169
134	137
58	130
150	158
143	148
126	127
157	159
150	159
161	169
58	130
150	158
81	140
143	148
126	127
157	159
161	169
134	137
58	130
150	158
9	22
150	159
157	159
161	169
134	137
58	130
150	158
1	12
142	147
157	159
142	147
161	169
134	137
58	130
134	141
157	159
161	169
58	130
126	127
157	159
161	169
58	130
134	141
126	127
157	159
87	142
161	169
134	137
58	130
47	61
29	129
126	127
157	159
87	142
161	169
58	130
30	75
142	147
29	129
126	127
157	159
150	159
161	169
134	137
58	130
29	129
126	127
161	169
134	137
58	130
29	129
126	127
161	169
134	137
58	130
160	163
51	126
29	129
126	127
161	169
9	46
30	75
29	129
142	147
30	75
58	130
81	140
143	148
142	147
58	130
9	46
81	140
51	126
29	129
134	137
58	130
81	140
51	126
29	129
126	127
157	177
134	137
51	58
51	126
29	129
81	140
157	177
134	137
58	130
81	140
51	126
29	129
126	127
161	169
134	137
58	130
81	140
30	75
58	130
9	46
81	140
126	127
154	158
150	158
29	129
154	158
151	172
150	158
157	177
58	130
15	48
105	113
169	171
58	130
51	126
157	159
30	75
58	130
15	48
164	174
88	109
157	159
153	169
171	178
159	175
78	111
9	46
88	90
159	175
78	111
9	46
169	178
78	111
151	172
58	130
9	46
151	172
58	130
9	46
105	113
151	172
150	173
9	46
15	48
105	113
8	69
126	127
151	172
30	75
9	46
58	130
134	141
105	113
29	129
154	175
151	172
30	75
58	130
9	46
105	113
126	127
151	172
30	75
58	130
87	149
134	141
105	113
151	172
161	169
9	46
30	75
105	113
158	163
161	169
58	130
9	46
30	75
81	140
8	69
105	113
157	159
30	75
86	146
134	141
8	69
105	113
169	178
157	159
8	69
30	75
161	169
164	174
105	113
169	178
157	159
8	69
58	130
105	113
169	178
58	130
105	113
29	129
30	75
9	46
22	48
58	130
66	74
105	113
134	137
9	46
15	48
62	69
105	113
29	129
134	141
157	159
30	75
9	46
105	113
157	159
151	172
161	169
105	113
47	61
157	159
151	172
58	130
87	142
150	158
105	113
29	129
157	159
114	116
150	158
29	129
30	75
114	116
150	158
164	174
29	129
157	159
161	169
58	130
150	158
114	116
1	12
29	129
134	137
1	8
157	159
161	169
58	130
9	46
15	48
150	158
25	30
46	75
29	129
9	75
157	159
30	71
150	158
153	169
9	22
157	159
134	137
58	130
9	46
153	169
150	158
26	41
121	122
9	22
47	61
2	15
25	71
15	22
150	159
157	159
161	169
134	137
2	22
150	158
66	74
62	69
48	63
51	58
24	75
157	159
161	169
134	137
58	130
150	158
153	169
155	176
164	174
62	69
17	47
2	22
29	129
161	169
134	137
58	130
150	173
153	169
155	176
17	47
168	176
174	175
159	164
134	137
26	48
153	169
159	168
17	47
29	129
157	177
161	169
153	169
66	74
153	161
160	163
143	148
167	169
169	178
157	177
161	169
173	178
156	171
15	63
153	169
66	74
151	172
166	169
166	176
157	177
161	169
134	137
156	174
166	169
11	167
66	74
164	174
156	164
47	61
78	111
161	169
134	137
158	169
166	169
11	167
66	74
62	69
143	148
78	111
153	161
87	142
134	137
58	130
160	169
11	167
66	74
164	174
47	61
151	163
134	137
58	130
166	169
15	63
11	167
66	74
47	61
46	69
29	129
126	127
169	176
166	169
15	63
62	69
47	61
11	169
43	61
160	169
166	169
47	61
43	47
126	127
163	165
47	61
58	130
113	115
166	169
105	113
47	61
162	166
121	122
162	169
87	142
105	113
47	61
121	122
105	113
114	116
51	126
121	122
58	130
113	115
105	113
105	113
47	61
46	69
95	105
87	142
115	118
134	137
29	115
47	61
126	127
134	137
113	115
105	121
47	61
126	127
33	76
134	137
29	115
1	115
78	111
33	76
61	114
126	130
116	126
132	147
126	127
88	109
33	76
105	113
88	92
142	143
88	109
87	142
33	76
19	156
62	143
1	115
62	88
93	111
33	76
95	96
62	144
95	105
86	146
95	113
93	111
33	76
146	148
105	113
134	137
95	105
62	149
134	137
86	146
95	113
33	76
105	113
95	105
80	139
43	61
33	76
95	113
86	131
29	115
95	113
134	140
33	76
62	89
105	113
95	105
33	76
29	115
95	113
80	139
86	146
95	113
155	168
33	76
108	113
43	61
95	105
95	108
95	113
155	168
33	76
105	113
95	108
95	105
108	113
105	113
168	176
95	105
155	176
95	113
95	113
33	76
155	176
155	168
168	176
95	105
105	113
33	76
95	113
95	105
95	113
155	168
33	76
155	176
105	113
95	105
105	113
95	105
95	113
95	113
95	113
19	156
19	57
57	156
19	156
19	170
95	105
19	156
19	170
155	176
19	156
155	176
19	156
19	156
19	156
19	156
19	57
95	113
19	57
95	105
95	105
19	57
19	57
95	105
95	105
152	170
19	156
19	57
19	57
95	105
21	73
19	170
57	156
19	156
57	170
57	156
57	152
19	156
19	57
57	156
19	156
19	57
156	170
19	156
19	57
19	156
19	57
95	105
19	156
19	57
57	156
19	156
95	105
19	156
19	170
65	73
19	156
57	170
57	156
19	156
156	170
57	152
57	156
19	170
156	170
19	156
57	156
19	156
19	156
57	64
19	156
19	156
6	64
19	156
40	57
19	156
64	65
168	170
19	156
64	65
8	12
168	170
19	156
64	65
8	12
168	170
19	156
155	168
8	9
64	65
168	170
19	156
155	168
8	12
95	105
19	156
152	168
40	57
8	9
156	170
64	65
19	156
8	12
19	170
95	105
64	65
19	156
64	65
19	156
8	9
64	65
95	105
19	156
8	12
64	65
19	156
19	156
171	172
19	156
6	41
8	12
6	41
8	12
19	156
6	41
19	156
157	170
9	24
10	65
19	156
6	41
48	71
19	156
6	41
8	12
6	41
19	156
24	75
19	57
57	156
172	177
19	156
6	41
8	12
6	41
19	57
95	105
19	156
57	156
19	57
48	71
57	156
19	156
6	41
168	176
95	105
19	57
57	156
157	170
19	156
6	41
168	176
19	57
57	156
19	156
6	41
4	73
57	156
19	57
19	156
168	176
24	75
19	57
57	156
19	156
19	57
57	156
19	156
24	75
6	41
6	41
19	57
168	176
57	156
19	57
57	156
95	113
19	156
6	41
168	176
19	57
57	156
64	177
19	156
6	41
41	177
19	57
57	156
41	177
19	156
6	41
22	154
41	64
6	64
19	156
164	174
41	64
21	73
6	64
6	41
8	12
168	176
6	41
168	176
8	12
41	64
8	12
8	12
19	57
8	12
14	64
164	174
6	41
156	157
6	64
156	170
41	64
19	57
14	64
41	64
164	174
6	41
6	14
156	174
14	64
156	164
164	174
6	41
41	64
166	169
14	41
6	14
156	174
166	169
156	164
164	174
6	41
8	12
14	41
168	176
6	14
14	64
164	174
6	41
41	64
157	174
14	41
168	176
95	105
6	14
156	174
14	64
30	71
155	176
156	164
6	41
157	176
56	57
14	41
168	176
41	64
40	57
14	64
164	174
6	41
168	176
41	64
6	64
14	64
14	41
168	176
41	64
14	64
14	41
168	176
95	105
6	64
154	159
14	64
6	41
14	41
6	14
154	159
156	174
14	64
164	174
6	41
14	41
168	176
41	64
6	64
156	174
14	64
154	175
14	41
168	176
41	64
6	64
154	159
156	174
6	41
14	41
168	176
41	64
18	166
154	159
156	174
155	176
6	41
14	41
168	176
18	169
18	166
6	64
156	174
14	64
1	29
164	174
156	164
6	41
159	175
14	41
41	64
6	64
154	159
156	174
14	64
156	164
164	174
6	41
41	64
14	41
6	14
154	159
156	174
156	164
19	56
156	164
6	41
19	56
14	41
41	64
155	176
156	164
159	175
14	41
155	176
156	164
14	41
14	64
157	176
159	175
14	41
156	174
155	176
156	164
14	41
156	174
14	64
164	174
14	41
156	174
14	64
164	174
6	41
157	176
14	41
6	14
156	174
31	123
6	41
14	41
6	14
58	123
156	174
4	64
156	164
164	174
6	41
19	56
14	41
154	159
156	174
6	41
19	56
14	41
4	64
6	41
19	56
14	41
19	57
154	159
156	174
159	175
6	41
58	126
14	41
6	14
18	166
19	57
154	159
156	174
6	41
159	175
14	41
18	169
18	166
154	159
156	174
157	164
6	41
19	56
157	164
6	41
14	41
154	159
156	174
164	168
6	41
159	175
156	174
164	168
24	75
6	41
14	41
29	115
6	41
19	56
14	41
6	41
95	113
6	41
29	115
18	166
157	164
154	159
29	115
156	174
6	41
1	115
19	56
14	41
6	14
18	166
29	115
99	103
6	41
164	176
159	175
19	40
14	41
168	176
6	14
18	166
4	64
29	115
6	41
164	176
159	175
19	56
14	41
22	177
6	14
18	166
39	159
29	115
4	64
6	41
159	174
19	56
14	41
22	177
39	174
39	159
29	115
39	175
6	41
159	174
96	99
154	174
1	115
22	177
174	175
39	174
29	115
4	64
1	29
6	41
96	99
14	41
39	174
29	115
152	175
6	41
157	159
96	99
1	115
14	41
22	177
164	171
29	115
6	41
1	115
14	41
22	177
164	171
39	174
29	115
4	64
6	41
1	115
14	41
164	175
6	14
164	171
154	164
29	115
4	64
6	41
96	99
1	115
14	41
18	169
39	174
29	115
155	176
1	29
6	41
155	159
96	99
19	56
14	41
159	176
159	164
29	115
4	64
6	41
155	159
96	99
159	168
14	41
156	170
159	176
39	174
29	115
6	41
155	159
96	99
14	41
29	115
6	41
96	99
14	41
164	176
154	175
14	41
157	177
39	174
6	41
14	41
39	174
6	41
19	56
14	41
39	174
157	177
6	41
19	40
14	41
29	115
1	29
12	75
29	115
1	29
6	41
1	115
29	115
1	29
6	41
152	157
1	115
19	40
19	57
115	125
29	115
29	125
6	41
14	41
1	115
168	176
19	57
29	115
155	176
1	29
29	125
115	125
1	125
1	115
14	41
19	57
115	125
167	176
29	115
1	125
1	115
14	41
19	57
115	125
166	169
6	41
157	176
1	115
19	57
29	115
166	169
14	41
39	174
19	57
29	115
29	125
115	125
1	125
14	41
19	57
115	125
29	115
6	41
1	125
1	115
29	125
153	161
165	173
19	57
115	125
29	115
152	173
116	130
6	41
157	176
14	41
164	173
29	125
1	115
153	161
19	57
155	176
6	41
1	115
14	41
9	12
153	161
19	57
155	168
6	41
157	176
157	168
14	41
168	176
153	161
19	57
155	157
155	176
6	41
157	176
14	41
19	57
152	172
166	169
6	41
157	176
12	75
18	169
19	57
165	180
166	169
155	176
6	41
157	176
14	41
18	169
19	57
157	176
165	180
123	127
155	176
6	41
166	169
164	172
14	41
18	169
1	48
166	169
155	176
6	41
157	176
14	41
164	172
9	12
18	169
9	12
166	169
95	105
165	180
155	176
6	41
106	110
164	172
37	55
14	41
168	176
18	169
6	14
18	166
19	57
155	168
155	157
155	176
6	41
8	12
164	172
14	41
168	176
18	169
6	14
161	169
56	172
165	169
6	41
157	176
106	110
9	12
95	105
56	156
155	168
8	12
153	169
155	157
155	176
157	176
106	110
157	168
9	12
95	105
6	14
168	176
56	156
8	9
57	177
58	126
155	168
164	169
26	57
9	48
155	157
155	176
157	176
169	180
103	115
157	168
168	176
169	173
56	170
56	156
19	57
155	157
19	177
155	168
9	48
165	180
155	176
19	60
164	165
157	176
103	115
59	170
58	126
6	169
19	55
56	170
168	176
19	57
40	59
155	176
164	165
55	57
106	110
19	172
159	175
56	173
19	55
56	156
55	172
15	91
57	172
155	176
105	113
30	145
19	57
40	59
26	169
155	168
57	172
4	64
126	130
159	175
30	145
169	175
82	89
55	172
154	175
19	57
95	113
105	113
65	172
155	176
4	64
82	169
157	176
106	110
126	130
33	36
155	169
55	65
55	172
40	56
19	55
169	175
19	57
37	172
55	172
157	168
19	65
159	169
155	157
155	168
155	176
157	176
106	110
126	130
33	36
40	56
159	175
168	176
169	175
26	30
95	113
55	172
154	169
159	169
155	176
43	61
157	176
37	172
126	130
159	175
168	176
154	175
169	175
19	57
48	170
55	172
154	169
155	168
19	65
159	169
155	176
159	175
154	175
169	175
168	176
19	57
86	111
30	48
19	65
159	169
155	157
155	176
154	159
105	113
159	175
169	175
155	170
19	57
155	168
19	65
159	169
155	157
155	176
153	156
48	145
157	176
55	172
159	175
169	175
155	170
26	30
19	57
154	169
19	65
156	171
154	177
155	176
153	156
61	143
48	145
61	144
33	70
169	177
26	30
30	145
169	175
43	143
26	48
95	144
157	176
33	70
30	145
19	65
43	144
169	176
30	48
26	48
48	145
30	145
155	169
168	176
19	57
155	168
26	48
74	149
30	145
168	176
26	48
19	57
30	145
48	145
19	57
30	145
48	145
19	57
30	145
70	76
157	169
140	146
26	48
153	156
48	145
115	129
36	76
157	169
140	146
48	145
30	145
70	73
26	48
157	169
39	174
154	159
157	169
33	70
39	174
157	169
30	48
26	48
154	159
157	169
159	177
159	177
40	56
159	177
154	159
157	169
19	57
154	159
157	169
159	177
58	126
96	99
168	176
168	176
96	99
19	57
58	126
159	177
19	57
155	177
19	57
157	169
157	169
157	169
157	169
157	169
58	126
19	57
157	169
154	159
157	169
155	168
157	169
155	168
154	159
157	169
168	176
157	169
168	176
157	169
168	176
168	176
157	169
168	176
157	169
96	99
155	168
157	169
155	168
157	169
154	159
155	168
157	169
154	159
159	176
155	168
157	169
96	99
168	176
157	169
43	61
168	176
157	169
168	176
168	176
157	169
155	168
55	172
168	176
155	168
168	176
55	172
168	176
168	176
151	156
168	176
151	165
168	176
55	172
154	159
43	61
154	159
154	159
155	176
154	159
155	176
115	129
154	159
96	99
96	103
154	159
96	99
154	175
96	103
154	175
154	159
154	175
30	48
33	39
96	99
157	169
157	169
153	166
157	169
157	169
157	169
39	174
126	128
36	70
36	153
39	174
70	73
70	73
157	169
157	169
19	57
19	57
19	57
156	163
36	153
168	176
19	57
37	172
163	165
36	153
168	176
19	57
153	166
19	57
19	57
153	166
163	165
36	153
39	174
153	166
19	57
39	174
36	153
19	57
157	169
165	180
155	168
36	153
39	174
19	57
86	146
96	99
157	169
157	169
155	168
153	166
165	180
159	177
33	39
55	172
154	159
157	169
33	39
33	174
168	176
154	159
157	169
157	169
155	168
154	159
157	169
157	169
86	140
174	180
69	96
168	176
157	169
154	159
157	169
140	146
86	140
163	173
86	146
168	176
2	78
154	159
157	169
140	146
86	140
46	81
79	103
69	81
154	159
140	146
163	173
157	169
168	176
140	146
168	176
157	169
154	159
168	176
2	96
154	159
132	138
90	139
154	159
157	169
2	96
168	176
157	169
95	126
2	96
95	96
168	176
2	115
96	115
96	103
157	169
140	146
2	96
115	129
46	69
95	96
168	176
39	70
96	115
157	169
140	146
69	79
2	96
115	129
39	70
157	169
46	81
18	73
42	62
39	70
69	81
46	69
39	70
42	62
46	69
157	169
96	99
140	146
157	169
2	79
69	93
46	81
96	99
46	93
168	176
157	169
2	79
46	93
69	81
81	93
47	145
46	81
96	99
46	69
168	176
69	93
78	79
86	146
140	146
46	93
86	140
81	93
46	81
18	73
46	69
69	93
168	176
78	79
86	146
140	146
46	93
81	93
47	145
69	81
69	93
168	176
46	81
95	96
69	93
69	81
81	93
135	139
46	69
86	146
46	93
69	93
46	69
81	93
46	81
96	99
46	93
46	81
46	93
81	93
69	81
2	78
69	93
69	81
46	69
69	93
79	127
81	93
46	81
46	81
79	81
39	70
69	93
46	69
81	93
69	79
69	81
46	93
2	78
79	93
69	81
39	70
69	93
79	93
81	93
46	81
46	93
2	78
69	81
79	81
95	96
46	93
79	93
81	93
46	81
46	69
168	176
2	78
69	93
69	81
86	140
81	93
97	115
46	81
46	69
2	78
46	81
19	57
2	78
46	79
46	81
69	81
95	96
69	79
69	81
79	81
95	96
86	140
69	79
46	81
2	78
46	81
79	81
95	96
99	123
86	140
69	79
39	73
69	81
2	78
69	81
79	81
46	79
69	79
46	81
47	61
2	78
69	81
79	81
69	93
46	69
81	93
46	79
69	79
46	81
123	127
46	93
2	78
46	81
79	81
46	69
46	93
79	93
81	93
69	79
46	79
69	81
69	93
2	78
46	81
78	115
69	93
46	69
81	93
69	79
69	81
132	147
79	93
70	73
33	180
46	93
69	81
79	81
151	163
69	93
81	93
46	79
46	81
79	93
46	93
46	81
151	163
69	93
81	93
69	81
2	96
46	69
2	78
46	81
79	81
151	163
69	79
69	81
46	69
46	81
79	81
47	61
108	116
86	146
46	93
81	93
69	79
46	79
46	81
79	93
69	93
69	81
79	81
46	93
157	175
81	93
46	79
69	79
46	81
58	116
47	61
79	93
2	78
69	93
10	21
69	81
69	93
46	69
81	93
46	81
132	147
46	93
2	78
79	93
10	21
69	81
151	163
10	20
69	93
46	69
46	79
46	81
79	93
46	93
2	78
10	21
151	163
10	20
46	93
46	69
112	115
69	93
168	176
2	78
10	20
46	93
69	81
81	93
46	81
46	69
2	78
69	93
10	21
135	139
95	96
10	20
159	177
46	93
69	81
81	93
46	81
105	113
46	69
151	163
2	78
135	139
151	163
69	93
69	81
46	81
105	113
10	70
154	159
46	93
46	81
105	113
69	93
168	176
2	78
135	139
86	146
46	69
69	93
69	81
46	81
20	70
10	70
46	93
40	56
2	78
87	132
46	81
86	146
46	93
97	115
69	81
46	69
2	78
69	93
58	130
46	93
81	93
29	125
69	81
51	126
46	69
46	81
2	78
69	93
46	81
86	146
46	93
81	93
29	125
69	81
14	70
33	70
4	11
10	70
69	93
2	78
154	159
69	93
51	126
95	96
46	93
69	81
14	70
33	70
4	11
79	81
69	79
29	125
46	81
46	69
86	146
6	10
97	115
105	113
2	78
46	81
154	159
46	79
151	163
79	81
46	93
46	69
97	115
29	125
69	81
33	70
69	79
79	93
69	93
6	20
79	81
151	163
14	33
46	93
81	93
154	159
46	81
14	70
51	126
33	70
4	163
85	105
14	33
46	93
81	93
46	81
14	70
51	126
33	70
105	113
85	113
29	125
64	161
14	70
14	33
46	93
69	81
69	79
164	174
46	81
96	129
33	70
46	69
113	128
85	113
69	93
64	161
105	113
46	93
46	81
162	163
33	70
6	20
85	105
43	128
46	93
29	125
46	81
105	113
112	115
168	176
85	113
85	105
43	128
105	113
46	93
81	93
29	125
46	81
40	151
85	113
79	81
43	128
46	93
81	93
69	79
46	81
143	149
105	113
29	125
154	159
96	129
86	146
43	128
14	33
69	93
81	93
46	81
40	151
46	93
79	93
79	81
46	93
79	93
81	93
69	79
29	125
46	81
96	129
151	156
33	40
85	113
69	93
90	113
69	93
40	59
14	40
113	126
46	93
14	70
33	40
122	126
118	126
64	161
56	156
46	81
14	59
46	69
85	126
96	129
79	93
56	156
46	81
14	33
69	93
81	93
69	79
29	125
69	81
96	129
14	59
14	40
46	93
33	40
64	161
56	156
46	81
154	159
14	33
69	93
46	69
1	75
29	125
69	81
6	20
46	93
20	39
15	71
64	161
35	63
95	96
63	71
14	33
69	93
46	69
81	93
156	164
12	75
15	71
46	81
14	70
132	147
121	122
105	113
46	93
86	146
85	113
24	75
46	81
95	96
14	33
69	93
15	63
19	57
15	71
69	81
105	113
12	75
63	71
46	69
85	105
85	113
24	75
15	35
19	57
14	33
15	63
12	46
15	71
85	105
14	70
63	71
105	113
111	132
24	75
9	75
10	64
105	113
90	137
40	64
26	41
15	71
85	105
14	70
33	70
63	71
86	146
168	176
24	75
9	75
15	71
95	96
63	71
4	11
15	63
26	74
164	174
39	73
14	70
33	70
12	75
26	41
112	115
45	47
154	175
9	12
24	75
121	122
86	146
78	93
20	73
17	41
155	168
78	81
14	33
26	41
15	71
105	113
121	122
95	96
45	47
86	146
63	71
154	175
163	173
19	57
1	15
86	146
55	172
161	166
145	146
159	169
163	173
6	33
26	41
15	71
157	176
121	122
47	61
45	47
17	41
24	75
15	35
24	75
19	63
154	175
95	96
140	146
31	47
35	46
150	160
26	41
29	125
19	24
86	146
1	46
12	65
86	140
155	176
19	74
63	172
4	64
82	132
121	122
24	169
43	172
17	71
150	160
63	169
43	176
26	41
29	125
1	169
150	174
160	162
150	164
31	172
12	24
19	74
163	173
12	75
12	75
20	68
31	45
12	24
164	174
150	164
105	113
150	174
63	71
26	41
17	75
26	46
41	46
29	125
137	145
115	125
95	96
161	166
31	45
94	117
140	146
1	12
12	75
15	71
112	117
47	61
156	174
1	69
86	132
137	140
95	96
94	117
158	165
15	71
112	117
63	75
160	162
156	174
31	74
154	159
157	165
86	146
11	60
158	165
15	71
94	117
47	61
164	174
29	125
135	140
167	168
110	114
121	122
31	74
40	57
11	60
150	158
86	140
1	12
164	174
106	110
159	174
110	114
121	122
9	12
161	176
155	161
154	159
140	146
29	115
155	176
139	141
164	174
154	174
106	110
121	122
160	162
168	176
142	149
159	176
157	177
155	161
95	96
140	146
86	140
163	180
29	125
161	168
121	122
164	174
9	12
150	177
26	43
160	162
155	161
105	106
95	96
166	169
150	158
163	180
161	168
168	176
9	12
26	43
150	159
169	176
95	96
166	169
153	169
29	125
155	161
85	113
9	12
142	149
161	169
95	96
40	70
153	169
164	174
155	161
150	162
36	64
19	40
40	57
95	96
105	113
153	169
164	174
155	161
96	129
150	162
110	114
159	175
85	113
174	175
142	149
95	96
153	169
164	174
8	69
150	162
121	122
160	162
159	175
155	169
110	114
9	12
161	169
150	162
95	96
150	158
1	12
164	174
155	161
171	178
168	169
121	122
159	175
110	118
155	169
115	125
95	96
153	169
164	174
8	69
110	118
154	175
26	43
155	161
105	113
121	122
110	118
85	113
26	43
15	71
105	113
110	118
155	169
85	113
26	43
142	149
9	12
161	169
115	125
153	169
8	69
168	169
160	162
142	149
85	113
168	169
8	69
150	162
121	122
160	162
110	118
9	12
142	149
164	174
8	69
4	11
160	162
110	118
121	122
9	12
95	96
8	69
150	162
4	11
160	162
110	118
161	169
150	158
8	69
105	113
4	11
160	162
155	169
110	118
121	122
9	12
8	69
161	169
95	96
9	46
26	43
168	169
121	122
160	162
154	175
155	169
95	108
9	12
166	174
161	169
95	96
140	142
26	43
8	69
171	178
168	169
121	122
155	169
9	12
157	177
161	169
95	96
164	174
8	69
168	169
160	162
155	169
157	177
8	69
161	169
95	96
121	122
160	162
155	169
86	146
8	69
161	169
86	146
139	141
121	122
155	169
157	177
8	69
161	169
86	146
1	12
26	43
168	169
121	122
155	169
157	177
8	69
161	169
139	141
121	122
160	162
110	118
155	169
26	43
161	169
151	170
139	141
8	69
121	122
155	169
9	12
26	43
161	169
8	69
166	174
47	61
159	175
110	118
121	122
9	12
26	43
8	69
161	169
86	146
121	122
159	175
110	118
155	169
9	12
157	177
161	169
86	146
121	122
8	69
47	61
110	118
155	169
9	12
157	177
161	169
95	96
86	146
8	69
121	122
110	118
155	169
142	149
161	169
95	96
132	138
8	69
168	169
121	122
110	118
155	169
161	169
86	146
8	69
168	169
121	122
110	118
155	169
161	169
86	146
142	149
153	169
26	43
140	142
121	122
160	162
112	115
110	118
155	169
9	12
95	108
161	169
153	169
157	177
110	118
155	169
95	108
9	12
161	169
126	130
150	162
160	162
110	118
9	12
157	177
150	162
8	69
126	130
110	118
95	108
9	12
139	141
8	69
126	130
47	61
110	118
95	108
9	12
86	146
112	115
8	69
126	130
47	61
110	118
9	12
157	177
95	96
8	69
126	130
121	122
110	118
86	146
9	12
139	141
8	69
150	162
160	162
110	118
142	149
95	96
8	69
47	61
160	162
110	118
121	122
95	96
139	141
8	69
121	122
160	162
110	118
9	12
95	96
8	69
121	122
110	118
86	146
9	12
95	96
8	69
47	61
110	118
9	12
86	146
12	46
8	69
163	177
121	122
110	118
95	96
9	12
95	96
12	46
86	146
8	69
47	61
160	162
110	118
121	122
9	12
95	96
163	177
121	122
110	118
86	146
9	12
86	146
121	122
160	162
95	96
9	12
86	146
121	122
47	61
110	118
95	96
86	146
47	61
110	118
95	96
95	96
86	146
47	61
110	118
121	122
142	149
142	149
9	12
86	146
95	96
132	138
160	162
110	118
142	149
160	162
110	118
9	12
1	12
160	162
110	118
121	122
160	162
110	118
47	61
121	122
121	122
95	96
121	122
95	96
121	122
26	43
95	96
1	12
110	118
1	8
121	122
95	129
9	12
132	138
47	61
110	118
121	122
95	108
9	12
110	118
1	12
95	108
47	61
110	118
95	108
47	61
150	158
151	170
163	180
110	118
9	12
26	43
115	125
95	96
151	170
121	122
110	118
142	149
95	96
1	8
121	122
159	175
110	118
142	149
26	43
95	96
159	175
4	64
8	69
110	118
1	8
26	43
95	96
142	145
1	12
4	64
8	69
121	122
110	118
26	43
4	64
1	12
8	69
140	142
150	158
142	145
110	118
142	149
26	43
4	64
8	69
121	122
110	118
26	43
134	140
4	64
1	12
15	71
8	69
110	118
95	96
1	12
4	64
15	71
8	69
110	118
26	43
95	96
11	60
4	64
132	138
15	71
8	69
110	118
26	43
95	96
4	64
8	69
110	118
26	43
95	96
1	12
132	138
8	69
95	129
11	60
1	12
15	71
8	69
121	122
110	118
4	11
8	69
110	118
110	118
8	69
4	11
110	118
8	69
1	12
89	91
132	138
110	118
95	96
8	69
4	11
110	118
95	96
8	69
4	11
4	11
95	96
8	69
4	11
110	118
95	96
8	69
4	11
4	11
110	118
4	11
95	96
132	138
4	11
110	118
9	12
110	118
4	11
95	96
95	96
164	174
110	118
110	118
4	11
95	96
8	69
110	118
4	11
95	96
95	96
4	11
110	118
132	138
8	69
110	118
110	118
4	11
110	118
110	118
95	96
95	96
153	169
4	11
110	118
142	149
95	96
8	69
110	118
142	149
1	12
8	69
126	130
110	118
95	96
1	12
8	69
110	118
110	118
22	31
61	66
1	12
110	118
142	149
26	43
163	180
121	122
110	118
142	149
26	43
110	118
163	180
169	178
132	138
121	122
163	180
169	178
110	118
142	149
132	138
121	122
169	178
110	118
142	149
110	118
142	149
121	122
132	138
121	122
110	118
142	149
26	43
110	118
142	149
4	11
26	43
1	12
121	122
110	118
26	43
95	96
1	12
15	71
121	122
110	118
155	169
142	149
164	180
95	96
153	169
132	138
155	161
121	122
142	149
8	69
95	96
163	180
155	161
110	118
95	96
8	69
121	122
110	118
142	149
95	96
8	69
142	149
26	43
95	96
8	69
121	122
110	118
142	149
26	43
95	96
8	69
121	122
110	118
142	149
8	69
142	149
1	12
26	43
115	125
1	12
8	69
105	113
26	43
8	69
121	122
1	12
142	149
65	73
121	122
1	12
121	122
142	149
26	43
8	69
1	12
155	161
121	122
142	149
95	96
134	140
1	12
8	69
105	113
121	122
142	149
26	43
8	69
121	122
1	12
1	12
142	149
95	96
95	108
26	43
142	149
8	69
110	118
95	96
26	43
121	122
121	122
134	140
121	122
142	149
95	96
155	169
161	169
121	122
9	12
161	169
95	96
121	122
95	108
142	149
155	161
161	169
8	69
121	122
9	12
161	169
121	122
155	161
41	47
4	11
161	169
95	96
159	175
132	138
121	122
9	12
161	169
95	96
132	138
155	161
168	169
4	11
159	175
9	12
142	149
161	169
26	41
4	11
142	149
9	12
161	169
95	96
155	161
155	169
9	12
142	149
95	96
166	174
121	122
142	149
9	12
9	12
95	96
121	122
110	118
142	149
26	43
161	169
168	169
121	122
4	11
9	12
142	149
161	169
121	122
4	11
155	169
9	12
26	43
121	122
155	169
4	11
95	108
9	12
142	149
9	12
121	122
155	169
4	11
95	108
26	43
9	12
121	122
26	43
154	175
9	12
121	122
26	43
154	175
9	12
121	122
26	43
22	31
121	122
154	175
155	169
9	12
26	43
139	146
22	31
4	11
41	54
121	122
9	12
9	12
95	96
121	122
4	11
159	175
155	169
9	12
26	43
95	96
26	41
22	31
155	169
26	43
22	31
26	43
139	146
9	12
26	43
95	108
8	69
154	175
9	12
142	149
155	161
8	69
154	175
142	149
9	12
8	69
155	161
121	122
142	149
8	69
155	161
121	122
9	12
9	12
95	96
132	138
142	149
4	64
95	96
4	64
171	178
121	122
142	149
145	149
121	122
134	140
95	96
145	149
121	122
95	96
134	140
121	122
154	175
95	108
134	145
95	108
95	96
142	149
150	158
95	108
95	96
161	169
95	96
150	158
155	169
95	108
161	169
150	158
132	138
161	169
95	96
150	158
161	169
95	96
4	64
150	158
155	169
95	108
161	169
140	145
150	158
138	142
95	108
142	149
161	169
150	158
155	161
47	61
138	142
95	96
150	158
155	161
47	61
95	108
4	64
150	158
15	71
155	161
47	61
150	158
95	96
138	149
95	96
150	158
95	108
132	134
161	169
95	96
150	158
138	149
110	118
95	108
95	96
161	169
150	158
161	169
95	96
150	158
8	69
150	158
95	96
95	96
134	140
150	158
8	69
168	169
142	145
154	175
142	149
152	156
150	158
168	169
95	96
142	149
150	158
142	149
168	169
95	96
150	158
168	169
95	96
150	158
168	169
95	96
164	180
95	96
150	158
24	75
132	142
168	169
154	175
95	96
150	158
161	169
134	140
150	158
24	75
154	175
24	75
150	158
150	158
138	142
142	149
134	145
139	146
95	96
145	149
150	158
138	149
168	169
82	89
161	169
150	158
110	118
155	169
9	12
150	158
95	96
155	169
150	158
95	96
25	30
155	169
150	158
9	12
95	96
25	30
150	158
9	12
95	96
25	30
110	118
150	158
9	12
95	96
95	96
9	12
150	158
95	108
95	108
150	158
9	12
95	96
150	158
95	108
9	12
9	12
150	158
26	43
150	158
95	96
26	43
9	12
95	96
150	158
15	71
95	108
26	43
150	158
9	12
95	96
26	43
9	12
150	158
15	71
161	169
150	158
9	12
8	69
150	158
9	12
95	96
150	158
155	169
95	96
25	30
8	69
95	96
150	158
150	158
161	169
95	96
150	158
95	108
95	96
161	169
161	169
95	108
161	169
161	169
161	169
150	158
110	118
161	169
150	158
26	43
25	30
8	69
161	169
110	118
8	69
150	158
105	113
8	69
161	169
150	158
155	161
105	113
110	118
155	169
168	169
150	158
110	118
155	169
95	108
95	96
110	118
155	169
168	169
150	158
110	118
155	169
150	158
168	169
95	96
95	96
150	158
155	161
1	8
168	169
110	118
155	169
9	12
110	118
155	169
9	12
168	169
110	118
155	169
9	12
150	158
110	118
9	12
52	70
150	158
155	161
168	169
110	118
9	12
110	118
8	69
9	12
168	169
150	158
95	96
150	158
155	161
168	169
110	118
155	169
9	12
95	96
150	158
155	161
168	169
155	169
9	12
161	169
150	158
126	130
168	169
159	175
110	118
9	12
110	118
155	169
161	169
126	130
150	158
110	118
155	169
9	12
95	96
155	161
154	175
9	12
25	30
26	43
155	161
154	175
25	30
110	118
155	169
1	8
155	161
1	8
154	175
155	161
155	169
161	169
25	30
155	161
155	169
161	169
1	8
1	8
155	169
150	158
95	96
110	118
155	169
161	169
110	118
155	169
161	169
8	69
154	175
8	69
161	169
168	169
1	12
161	169
168	169
95	96
150	158
161	169
1	12
150	158
161	169
168	169
1	12
8	69
161	169
168	169
150	158
159	175
169	176
161	169
95	96
171	172
1	12
8	69
171	178
126	130
8	69
161	169
1	12
169	176
161	169
171	178
110	118
8	69
161	169
8	69
150	158
161	169
4	64
155	169
8	69
150	158
155	169
95	96
153	169
150	158
161	169
153	169
155	169
95	96
4	64
150	158
8	69
168	169
110	118
110	118
9	12
168	169
150	158
110	118
42	46
9	12
168	169
150	158
4	64
150	158
15	71
168	169
155	169
9	12
155	169
168	169
150	158
95	96
1	12
150	158
8	69
168	169
155	169
155	169
161	169
168	169
150	158
26	43
161	169
150	158
155	161
168	169
155	169
26	43
155	169
161	169
150	158
161	169
95	96
150	158
168	169
159	175
155	169
155	169
161	169
150	158
25	30
161	169
1	12
150	158
168	169
155	169
26	43
161	169
168	169
150	158
26	43
161	169
150	158
168	169
110	118
155	169
26	43
161	169
95	96
4	64
150	158
168	169
155	169
26	43
169	176
161	169
150	158
168	169
155	169
9	12
26	43
169	176
161	169
95	96
45	62
150	158
25	30
168	169
155	169
9	12
26	43
95	96
150	158
15	71
155	169
9	12
26	43
161	169
95	96
150	158
15	71
168	169
167	169
110	118
155	169
26	43
161	169
95	96
153	169
150	158
15	71
110	118
155	169
26	43
95	96
45	62
150	158
25	30
110	118
26	43
95	96
4	64
150	158
25	30
164	174
110	118
155	169
9	12
26	43
95	96
150	158
4	64
25	30
110	118
155	169
26	43
4	64
95	96
26	43
95	96
4	64
25	30
8	69
110	118
9	12
26	43
95	96
4	64
25	30
8	69
171	178
126	130
9	12
95	96
4	64
25	30
171	178
4	64
95	96
95	96
4	64
25	30
110	118
26	43
4	64
95	96
65	73
95	96
45	62
4	64
110	118
95	96
45	62
25	30
110	118
150	158
95	96
25	30
110	118
150	158
95	96
25	30
110	118
150	158
95	96
26	43
150	158
4	64
161	169
95	96
110	118
150	158
95	96
110	118
150	158
4	64
161	169
95	96
150	158
4	64
110	118
155	169
4	64
150	158
95	96
155	169
161	169
95	96
150	158
4	64
155	169
150	158
95	96
25	30
110	118
161	169
95	96
150	158
4	64
25	30
95	129
150	158
95	96
25	30
155	161
150	158
95	96
161	169
95	96
45	62
150	158
8	69
155	169
150	158
161	169
95	96
155	169
150	158
161	169
95	96
45	62
155	169
150	158
4	64
95	96
159	175
150	158
4	64
95	96
45	62
110	118
150	158
95	96
45	62
95	96
150	158
4	64
42	46
110	118
150	158
95	96
95	96
150	158
4	64
110	118
95	96
150	158
25	30
95	96
150	158
25	30
110	118
161	169
95	96
150	158
110	118
161	169
95	96
150	158
8	69
110	118
155	169
150	158
9	12
95	96
150	158
95	96
25	30
110	118
95	96
150	158
4	64
25	30
153	169
155	169
150	158
153	169
95	96
95	96
45	62
150	158
153	169
155	169
95	96
150	158
4	64
25	30
8	69
150	158
95	96
25	30
150	158
161	169
95	96
25	30
150	158
95	96
25	30
110	118
150	158
95	96
110	118
95	96
150	158
153	169
150	158
15	71
95	96
25	30
153	169
95	96
150	158
153	169
25	30
110	118
155	169
110	118
150	158
95	96
25	30
110	118
150	158
95	96
25	30
150	158
47	61
95	96
25	30
155	169
95	96
150	158
25	30
110	118
155	169
150	158
95	96
25	30
155	169
150	158
95	96
25	30
155	169
95	96
150	158
1	12
25	30
110	118
155	169
150	158
153	169
95	96
95	96
153	169
150	158
110	118
155	169
110	118
150	158
95	96
110	118
150	158
95	96
42	46
95	96
150	158
24	75
110	118
155	169
95	96
150	158
25	30
42	46
155	169
9	12
95	96
150	158
24	75
110	118
155	169
9	12
95	96
143	144
150	158
171	178
88	92
110	118
155	169
78	111
95	96
143	144
150	158
8	69
42	46
110	118
155	169
78	111
95	96
150	158
42	46
88	92
110	118
155	169
110	118
42	46
150	158
95	96
155	169
95	96
150	158
42	46
88	92
110	118
155	169
110	118
42	46
150	158
155	169
95	96
150	158
88	92
110	118
155	169
161	169
95	96
150	158
88	92
110	118
155	169
161	169
95	96
150	158
110	118
155	169
152	156
95	96
90	92
150	158
163	180
87	148
144	148
110	118
155	169
9	12
152	156
95	96
9	46
150	158
144	148
110	118
155	169
152	156
95	96
81	87
1	12
155	169
110	118
154	175
157	177
95	96
9	46
93	111
156	171
151	170
15	71
166	174
47	61
110	118
155	169
57	70
95	96
81	87
158	165
9	46
93	111
151	170
157	162
10	39
47	61
166	175
88	92
110	118
155	169
9	12
19	57
95	96
171	172
158	165
9	46
93	111
1	12
150	164
163	177
47	61
88	92
110	118
155	169
9	12
163	173
150	166
95	96
169	172
95	113
150	173
9	46
155	172
1	12
15	71
163	165
155	169
88	92
110	118
154	175
108	113
158	180
167	168
155	168
93	111
158	166
155	164
15	71
14	19
110	118
57	151
158	173
45	62
155	168
12	42
150	164
22	41
150	174
166	174
150	156
110	118
15	71
25	41
30	41
32	33
65	73
45	62
155	168
14	19
153	169
25	30
14	70
150	174
30	41
110	118
32	68
35	41
57	170
32	33
45	62
155	168
153	169
156	164
150	163
32	68
66	74
110	118
9	15
153	169
155	176
35	54
85	105
105	113
92	109
88	92
110	118
88	109
25	26
40	57
32	33
69	125
9	15
9	48
153	169
35	54
29	125
105	113
110	118
85	113
40	57
157	159
150	166
69	125
9	15
9	48
153	169
35	54
15	48
22	41
9	38
110	118
70	73
29	125
125	129
40	57
150	166
157	159
9	38
153	169
70	76
35	54
15	48
105	113
110	118
22	43
65	76
45	166
64	176
70	76
113	115
159	169
105	115
66	74
65	76
152	159
47	61
92	109
88	92
110	118
70	73
22	43
113	115
26	74
114	115
15	48
153	169
70	76
105	114
66	74
152	159
105	115
110	118
70	73
125	129
114	115
112	127
70	76
110	118
152	157
70	73
112	123
73	76
157	159
114	115
70	76
156	164
11	169
110	118
57	151
76	164
33	64
64	76
114	115
105	114
40	151
110	118
64	76
33	64
64	164
113	114
38	41
33	76
26	41
33	176
110	118
40	173
95	96
64	76
33	64
64	164
113	114
33	76
1	12
6	161
57	151
110	118
70	73
33	64
64	76
33	76
99	115
47	62
57	151
110	118
85	113
83	128
83	107
33	64
113	114
64	164
66	74
105	114
110	118
83	128
96	113
33	64
64	76
96	114
33	76
153	169
99	115
110	118
157	159
33	64
33	76
29	125
114	121
164	176
163	173
110	118
57	151
125	129
83	107
26	125
29	125
99	107
29	129
32	68
110	118
57	151
85	113
29	114
83	107
99	128
99	125
153	169
114	121
105	113
33	36
36	159
57	151
110	118
96	113
96	113
114	121
105	113
57	151
110	118
83	107
110	118
114	121
96	99
114	121
110	118
85	113
41	43
114	121
96	99
110	118
157	159
115	125
114	121
96	99
110	118
57	151
115	125
114	121
105	113
33	36
96	99
110	118
27	159
115	125
95	96
114	121
95	99
33	36
110	118
95	110
95	96
114	121
40	151
95	99
110	118
27	159
95	118
95	96
95	99
110	118
83	107
22	43
83	128
95	96
114	121
83	114
95	118
110	118
83	107
58	107
110	118
95	96
22	43
99	129
83	107
110	118
83	107
110	118
96	129
96	129
110	118
96	129
83	107
105	113
105	113
96	129
139	141
139	141
80	132
142	149
139	141
142	149
139	141
142	149
142	149
139	141
142	149
82	132
139	141
142	149
82	132
139	141
139	141
82	132
142	149
80	132
86	146
139	141
142	149
86	146
139	141
142	149
86	146
139	141
86	146
139	141
142	149
86	146
139	141
96	129
86	146
139	141
86	146
96	129
80	138
96	129
140	145
139	141
86	146
140	145
134	140
139	141
96	129
110	118
86	146
134	145
96	129
139	141
110	118
139	141
142	149
139	141
142	149
139	141
139	141
139	141
139	141
134	140
139	141
139	141
86	146
139	141
110	118
86	146
134	140
86	146
110	118
142	149
86	146
139	141
110	118
142	149
110	118
86	146
139	141
110	118
86	146
110	118
96	129
86	146
139	141
110	118
110	118
132	142
110	118
132	142
110	118
142	145
110	118
110	118
82	89
33	36
110	118
33	36
110	118
110	118
83	107
82	146
110	118
142	149
110	118
83	107
110	118
83	107
110	118
82	84
110	118
105	113
17	71
110	118
105	113
110	118
132	138
110	118
35	54
110	118
35	54
35	54
33	36
17	71
84	132
110	118
110	118
17	71
84	132
110	118
86	146
17	71
84	132
110	118
82	84
84	132
110	118
84	132
86	132
35	54
84	132
110	118
82	89
82	84
110	118
82	89
82	84
84	132
110	118
17	71
106	130
35	54
80	138
110	118
82	84
110	118
82	84
80	138
35	54
110	118
82	84
35	54
110	118
35	54
110	118
140	142
83	107
35	54
110	118
35	54
84	132
83	107
35	54
80	138
84	132
110	118
110	118
83	107
84	132
110	118
142	145
84	132
110	118
142	149
134	145
110	118
142	149
35	54
91	132
35	54
110	118
142	149
110	118
89	132
82	132
89	132
35	54
82	132
110	118
142	149
110	118
89	132
82	132
110	118
82	132
110	118
89	132
110	118
89	132
80	138
110	118
82	132
84	138
110	118
89	132
82	132
110	118
89	132
82	132
80	138
86	146
89	132
82	132
110	118
86	146
89	132
82	132
110	118
84	138
89	132
82	132
80	138
110	118
84	138
86	146
89	132
82	132
80	138
110	118
110	118
96	129
82	132
89	132
110	118
96	129
82	132
86	146
89	132
35	54
82	132
110	118
142	149
142	145
35	54
96	129
82	132
110	118
142	149
35	54
82	132
80	138
110	118
89	132
35	54
82	132
110	118
142	149
89	132
33	36
80	138
35	54
82	84
35	54
142	149
82	84
110	118
142	149
110	118
35	54
110	118
35	54
110	118
86	146
35	54
110	118
82	84
142	149
82	84
142	149
54	75
82	84
110	118
96	129
110	118
82	84
84	132
80	82
84	132
110	118
142	149
82	84
82	84
80	82
86	146
96	129
84	132
110	118
110	118
9	75
84	132
86	146
105	113
84	132
110	118
82	84
110	118
105	113
35	54
110	118
105	113
82	84
35	54
80	138
110	118
4	17
84	132
110	118
84	138
110	118
105	113
110	118
142	149
110	118
142	149
9	75
142	149
9	75
110	118
110	118
105	113
142	149
110	118
9	75
35	54
105	113
110	118
9	75
110	118
105	113
9	75
110	118
91	138
9	75
159	170
35	54
80	138
110	118
82	84
9	75
80	138
84	132
110	118
9	75
9	75
105	113
84	132
110	118
82	89
137	146
82	84
9	75
86	146
86	137
84	132
110	118
82	89
137	146
82	84
9	75
86	146
105	113
84	132
110	118
86	137
82	84
9	75
86	146
110	118
82	89
82	84
9	75
82	84
82	89
35	54
9	75
80	89
82	84
33	76
35	54
84	132
110	118
82	84
9	75
110	118
84	132
142	145
9	75
110	118
84	132
82	84
9	75
110	118
84	132
9	75
110	118
110	118
84	132
9	75
110	118
82	89
9	75
110	118
84	132
9	75
80	91
84	132
110	118
82	89
9	75
35	54
84	132
110	118
9	75
96	129
84	132
110	118
9	75
132	138
96	129
110	118
142	149
9	75
110	118
96	129
9	75
110	118
96	129
153	169
9	75
161	169
153	169
132	138
96	129
110	118
142	149
9	75
161	169
153	169
132	138
35	75
35	54
110	118
153	161
9	75
54	75
153	169
35	54
105	113
110	118
9	75
110	118
82	89
132	138
9	75
110	118
9	75
110	118
35	54
9	75
110	118
82	89
35	54
9	75
110	118
35	54
9	75
35	54
80	91
110	118
9	75
110	118
9	75
9	75
9	24
132	138
24	75
110	118
9	75
33	76
110	118
9	59
9	75
9	24
132	138
59	75
9	59
9	75
150	160
33	76
9	75
150	160
150	174
33	76
150	165
150	165
150	174
115	125
110	118
56	75
150	165
33	76
150	174
110	118
56	75
56	59
150	174
80	91
110	118
158	163
162	174
80	132
132	138
163	180
174	176
110	118
158	163
142	149
9	75
36	166
132	138
76	166
56	59
9	75
33	166
33	76
132	138
76	166
80	91
110	118
82	89
110	118
36	76
33	76
80	91
33	166
33	76
35	54
80	91
56	59
36	76
36	166
56	59
84	132
35	54
33	59
110	118
33	56
33	59
82	132
163	173
33	56
82	89
110	118
82	132
163	173
110	118
82	132
110	118
80	91
80	138
80	91
110	118
142	149
82	84
86	137
110	118
142	149
86	146
110	118
86	146
110	118
86	146
110	118
142	149
110	118
142	149
86	146
86	146
80	91
84	132
110	118
82	84
110	118
91	138
91	132
132	138
84	132
110	118
110	118
86	146
91	138
110	118
82	84
110	118
86	146
110	118
59	152
86	146
56	59
110	118
86	146
110	118
83	107
86	146
110	118
56	59
110	118
86	146
56	59
86	146
96	129
84	132
110	118
83	107
82	84
84	132
86	146
84	132
110	118
82	84
110	118
82	84
84	132
84	132
110	118
82	84
86	146
80	138
84	132
110	118
82	84
86	146
96	129
110	118
84	138
56	59
82	84
96	129
82	132
110	118
82	84
96	129
84	132
110	118
82	84
110	118
96	129
82	84
84	132
96	129
84	132
110	118
84	138
82	84
110	118
82	84
84	132
110	118
96	129
110	118
96	129
84	132
110	118
96	129
84	132
110	118
96	129
86	146
86	146
96	129
110	118
83	107
110	118
86	146
56	59
110	118
80	138
86	146
110	118
86	146
56	59
86	146
82	132
80	138
110	118
110	118
86	146
84	132
110	118
80	138
86	146
84	132
110	118
83	107
86	146
80	138
110	118
80	138
86	146
110	118
84	132
110	118
142	149
110	118
142	149
86	146
110	118
83	107
86	146
80	138
110	118
83	107
86	146
82	84
110	118
86	146
83	107
89	132
110	118
86	146
84	138
110	118
89	132
86	146
86	146
89	132
110	118
84	138
142	149
86	146
89	132
110	118
56	59
86	146
89	132
110	118
142	149
82	84
86	146
84	89
82	132
110	118
82	89
82	84
110	118
82	89
83	107
82	84
86	146
91	132
110	118
82	84
110	118
83	107
86	146
110	118
82	89
86	146
110	118
142	149
86	146
82	84
110	118
83	107
86	146
82	84
83	107
110	118
86	146
82	84
83	107
80	138
110	118
86	146
142	149
82	89
82	84
83	107
132	138
80	138
110	118
86	146
142	149
82	84
83	107
82	132
80	138
55	170
110	118
86	146
142	149
56	170
82	84
86	146
80	138
84	132
110	118
55	170
56	170
83	107
142	145
55	170
110	118
86	146
82	84
145	149
110	118
55	170
82	84
86	146
138	146
55	170
110	118
83	107
82	84
83	107
138	146
132	138
89	138
110	118
86	146
110	118
55	170
138	146
83	107
138	146
55	170
110	118
86	146
86	138
86	146
56	59
80	91
110	118
83	107
86	138
55	170
83	107
55	170
110	118
86	146
142	149
56	59
110	118
83	107
86	146
56	59
55	170
110	118
55	170
86	146
84	132
86	146
142	145
55	170
110	118
83	107
142	149
110	118
83	107
86	146
132	138
83	107
55	56
86	146
110	118
91	138
110	118
83	107
86	146
55	170
83	107
110	118
55	170
56	59
83	107
86	146
132	138
110	118
55	170
86	138
83	107
89	91
110	118
86	138
83	107
132	138
110	118
55	170
86	138
56	59
83	107
55	56
132	138
89	91
110	118
55	170
56	170
86	146
132	138
89	91
110	118
83	107
86	138
83	107
86	138
91	132
89	91
110	118
86	146
56	170
83	107
132	146
91	132
132	138
142	145
84	132
110	118
95	96
82	84
83	107
132	138
110	118
55	170
110	118
83	107
132	138
86	146
132	138
110	118
83	107
80	89
86	146
29	125
83	107
110	118
83	107
86	139
82	132
110	118
86	146
139	146
86	146
110	118
83	107
139	146
110	118
83	107
83	107
132	138
89	91
110	118
95	96
110	118
83	107
132	138
85	115
115	125
86	146
132	138
110	118
83	107
126	127
110	118
86	146
83	107
110	118
86	146
83	107
19	21
110	118
86	146
83	107
83	107
91	132
29	125
110	118
85	130
84	91
110	118
85	130
83	107
110	118
89	146
83	107
110	118
86	146
83	107
89	146
85	115
85	106
83	107
91	132
110	118
110	118
83	107
86	146
110	118
83	107
86	146
84	91
55	56
86	146
83	107
110	118
110	118
83	107
86	146
55	56
110	118
83	107
84	91
91	132
110	118
84	138
83	107
110	118
83	107
110	118
55	56
80	82
83	107
110	118
83	107
56	170
110	118
89	138
83	107
110	118
55	170
83	107
86	146
110	118
83	107
110	118
80	138
83	107
110	118
56	106
56	170
55	106
110	118
55	56
56	106
55	106
83	107
110	118
56	106
82	91
80	138
110	118
56	106
82	91
80	138
80	82
86	146
56	106
110	118
56	170
106	170
83	107
56	106
110	118
56	170
110	118
56	106
83	107
105	113
110	118
95	96
83	107
105	113
56	106
56	106
86	146
82	132
83	107
86	138
56	106
84	132
83	107
86	138
86	146
91	139
56	106
83	107
86	138
83	107
56	106
132	138
86	138
85	114
91	139
56	106
85	114
132	139
33	118
86	146
55	56
56	106
55	106
85	105
55	56
55	106
33	129
56	106
85	115
56	106
113	116
55	56
56	106
55	56
56	106
86	146
114	115
56	106
56	106
83	85
116	130
56	106
82	84
56	106
142	145
86	89
56	106
116	130
86	89
56	106
86	146
82	84
116	130
56	106
82	89
83	130
56	106
56	106
56	106
82	89
56	106
56	106
55	56
56	106
106	170
56	106
55	56
55	56
106	170
55	106
9	75
106	111
143	144
106	111
143	147
81	144
106	111
78	106
138	145
33	138
81	144
