20	67
46	63
20	67
15	26
15	26
15	26
15	71
2	69
15	26
50	66
15	71
50	66
2	69
2	15
2	71
2	69
2	15
50	66
15	71
69	71
2	71
15	46
2	71
15	71
2	69
2	15
2	71
50	66
15	71
50	66
26	71
15	26
15	71
26	71
97	104
15	26
143	144
15	71
26	71
15	26
26	71
15	26
97	104
15	71
50	66
97	104
132	138
15	71
97	104
15	71
97	104
30	48
20	67
50	66
26	31
46	69
50	74
15	63
97	104
20	67
50	66
97	104
30	48
97	104
50	74
97	104
71	74
50	63
66	74
63	74
50	74
15	74
71	74
66	74
50	71
97	104
50	74
15	66
97	104
71	74
50	63
66	74
50	71
63	74
63	74
15	66
97	104
66	74
71	74
97	104
15	50
71	74
50	63
66	74
63	74
97	104
50	74
66	74
71	74
97	104
66	74
46	69
143	144
97	104
50	74
144	147
30	119
97	104
25	30
144	147
66	74
97	104
25	30
143	144
97	104
50	74
30	48
97	104
50	74
25	30
30	48
80	82
97	104
143	144
97	104
127	144
97	104
97	104
50	74
97	104
50	74
143	144
97	104
50	74
97	104
97	104
97	104
97	104
97	104
97	104
97	104
97	104
97	104
97	104
97	104
97	104
97	104
97	104
97	104
97	104
97	104
97	104
97	104
97	104
97	104
97	104
97	104
97	104
97	104
97	104
97	104
97	104
97	104
97	104
97	104
97	104
66	74
97	104
46	69
97	104
97	104
97	104
97	104
97	104
97	104
97	104
97	104
97	104
97	104
97	104
97	104
97	104
97	104
97	104
97	104
97	104
97	104
97	104
97	104
97	104
97	104
97	104
97	104
97	104
97	99
97	104
97	104
97	104
97	104
50	74
97	104
97	104
97	104
50	74
97	104
97	104
97	104
97	104
97	104
97	104
97	104
50	74
97	104
97	104
97	104
97	104
97	104
97	104
97	104
97	104
97	104
97	104
97	104
97	104
97	104
97	104
97	104
97	104
97	104
97	104
97	104
97	104
97	104
97	104
97	104
97	104
97	104
97	104
97	104
97	104
97	104
97	104
97	104
97	104
97	104
97	104
97	104
97	104
97	104
97	104
97	104
97	104
97	104
97	104
97	104
97	104
97	104
97	104
97	104
97	104
97	104
97	104
97	104
97	104
97	104
97	104
97	104
97	104
97	104
97	104
97	104
97	104
97	104
66	74
50	66
66	74
66	74
50	74
50	74
50	66
50	74
66	74
50	74
46	69
15	63
2	69
57	59
97	104
143	144
103	123
102	128
82	128
102	103
103	128
102	128
100	120
100	120
100	120
100	120
19	59
19	59
100	120
3	59
100	120
106	128
150	165
3	19
3	19
19	59
3	19
19	56
3	19
19	56
106	115
3	19
19	59
120	128
100	128
48	63
12	43
43	69
63	180
19	59
48	63
48	63
19	56
150	165
48	63
150	165
120	123
164	174
152	180
19	56
48	63
43	115
120	128
165	180
164	174
19	56
120	128
150	165
3	4
164	174
150	180
19	56
120	128
150	180
164	174
120	128
8	48
165	180
113	159
8	48
154	159
3	4
19	59
120	128
8	48
120	128
164	180
100	120
120	123
7	169
113	154
101	103
120	128
164	180
14	156
95	120
14	172
43	72
120	128
30	50
30	54
30	38
63	75
19	56
81	131
43	72
120	128
100	120
43	69
40	151
63	75
43	75
120	123
159	164
120	128
100	120
8	48
112	119
36	176
156	172
120	123
9	24
36	172
159	164
120	128
100	120
63	75
156	164
35	38
120	128
8	48
106	113
164	179
100	120
156	164
95	120
155	161
120	123
62	69
120	128
113	115
8	48
62	69
96	101
50	66
30	38
26	35
101	103
120	128
8	48
164	180
113	115
95	120
50	66
120	123
30	38
104	149
9	43
157	159
8	48
120	122
164	180
113	115
118	122
114	115
120	123
50	66
95	120
94	95
120	128
47	61
95	104
156	179
30	38
101	103
38	61
157	159
120	122
106	113
54	66
122	123
95	120
100	122
94	95
50	66
159	175
101	104
30	38
6	14
157	159
8	48
106	113
94	95
63	71
95	104
159	175
30	38
157	159
94	95
159	175
156	179
154	175
101	103
157	159
96	101
106	113
114	115
94	95
156	179
154	175
101	103
157	159
96	101
106	113
94	95
156	179
99	104
101	103
157	159
106	113
94	95
63	75
156	179
154	175
101	103
157	159
114	140
104	120
106	113
94	95
114	115
63	75
47	61
95	104
100	123
101	103
157	159
114	115
1	12
94	95
63	75
47	61
101	104
30	38
157	159
114	115
63	75
31	47
96	104
156	179
30	38
47	61
157	159
90	140
63	75
47	61
106	113
157	159
107	120
1	12
63	75
31	47
47	61
120	123
96	104
89	90
157	159
113	114
106	114
1	12
103	104
63	75
31	47
96	104
120	123
47	61
96	103
101	103
157	159
1	22
63	75
31	47
47	61
159	175
120	123
95	105
101	103
31	61
63	75
31	47
47	61
96	103
101	103
104	107
157	159
8	48
167	168
1	12
81	140
63	75
47	61
120	123
96	103
26	35
101	103
104	107
157	159
167	168
31	47
1	12
63	75
164	180
47	61
96	103
101	103
157	159
167	168
31	47
1	12
63	75
50	66
164	180
47	61
101	103
157	159
167	168
155	161
63	75
31	47
47	61
30	38
101	103
157	159
167	168
63	75
50	66
47	61
157	159
167	168
50	66
47	61
83	115
157	159
120	130
155	161
50	66
47	61
167	168
47	61
101	103
31	47
83	115
47	61
101	103
104	107
105	106
120	130
31	47
47	61
159	175
101	103
31	47
164	180
31	47
164	180
101	103
154	175
155	161
157	159
83	115
83	115
47	61
101	103
155	161
156	179
101	103
81	140
155	161
120	122
101	103
156	179
155	161
150	165
155	161
154	175
101	103
101	103
155	161
47	61
30	38
101	103
30	38
154	175
100	128
155	161
30	38
101	103
155	161
30	38
101	103
120	122
100	128
120	123
101	103
155	161
47	61
101	103
47	61
101	103
155	161
47	61
101	103
155	161
47	61
101	103
155	161
47	61
101	103
155	161
150	158
47	61
101	103
155	161
47	61
101	103
155	161
150	158
47	61
81	140
155	161
150	158
105	106
47	61
155	161
150	158
81	140
47	61
62	69
150	165
150	158
155	161
47	61
156	179
154	175
154	175
47	61
150	158
81	140
150	158
150	165
47	61
154	175
150	158
155	161
154	175
150	158
156	179
155	161
150	158
81	140
155	161
47	61
155	161
150	165
81	140
26	35
100	128
47	61
154	175
126	130
47	61
81	140
126	130
155	161
173	180
81	140
30	38
31	47
81	140
47	61
126	130
101	103
126	130
101	103
159	175
8	48
150	165
171	172
47	61
159	175
101	103
8	48
126	130
101	103
47	61
155	161
101	103
156	179
105	106
156	179
31	47
101	103
156	179
173	180
155	161
31	47
47	61
156	179
120	130
47	61
31	47
63	71
156	179
154	175
159	175
159	175
101	103
156	179
95	105
95	105
159	175
155	161
95	105
159	175
155	161
95	105
154	175
150	165
47	61
95	105
155	161
154	175
150	165
47	61
30	38
155	161
8	48
47	61
139	141
154	175
8	48
63	75
47	61
101	103
8	48
63	75
150	165
101	103
156	179
8	48
63	75
47	61
101	103
154	175
8	48
63	75
101	103
154	175
8	48
63	75
100	128
47	61
154	175
63	75
154	175
63	75
101	103
154	175
63	75
101	103
8	48
150	165
155	161
63	75
154	175
101	103
8	48
139	141
63	75
47	61
120	123
154	175
101	103
155	161
63	75
101	103
63	75
100	128
126	130
101	103
63	75
126	130
101	103
8	48
150	165
63	75
81	140
155	161
8	48
63	75
126	130
47	61
154	175
8	48
150	165
173	180
139	141
155	161
63	75
47	61
154	175
155	161
63	75
47	61
8	48
173	180
155	161
63	75
47	61
159	175
8	48
1	12
155	161
63	75
47	61
159	175
155	161
1	12
63	75
47	61
8	48
1	12
155	161
63	75
47	61
101	103
155	161
1	12
63	75
47	61
155	161
1	12
63	75
47	61
155	161
1	12
63	75
150	165
47	61
1	12
155	161
63	75
31	47
47	61
156	179
101	103
155	161
63	75
101	103
156	179
155	161
63	75
62	69
101	103
156	179
155	161
63	75
47	61
101	103
81	140
155	161
63	75
47	61
156	179
154	175
101	103
150	165
155	161
63	75
126	130
47	61
159	175
101	103
63	75
47	61
155	161
1	12
63	75
126	130
47	61
63	75
47	61
63	75
47	61
63	75
47	61
155	161
63	75
47	61
120	130
63	75
100	128
47	61
63	75
47	61
155	161
63	75
47	61
155	161
63	75
100	128
47	61
155	161
63	75
47	61
155	161
63	75
62	69
155	161
63	75
31	47
62	69
63	75
31	47
62	69
155	161
63	75
62	69
155	161
63	75
62	69
155	161
63	75
126	130
47	61
155	161
63	75
47	61
155	161
63	75
31	47
155	161
173	180
63	75
31	47
47	61
173	180
155	161
63	75
31	47
47	61
156	179
155	161
63	75
31	47
47	61
156	179
155	161
63	75
31	47
156	179
155	161
63	75
31	47
156	179
155	161
63	75
47	61
156	179
63	75
47	61
156	179
155	161
63	75
47	61
156	179
155	161
63	75
47	61
156	179
155	161
63	75
47	61
157	159
155	161
63	75
47	61
155	161
154	175
63	75
47	61
157	159
155	161
63	75
47	61
159	175
154	175
155	161
157	159
63	75
157	159
155	161
63	75
47	61
157	159
155	161
63	75
47	61
154	175
157	159
155	161
63	75
31	47
47	61
155	161
154	175
63	75
31	47
47	61
63	75
31	47
47	61
156	179
96	103
157	159
1	12
155	161
63	75
31	47
47	61
156	179
157	159
155	161
63	75
31	47
47	61
157	159
1	12
139	141
63	75
31	47
47	61
96	103
157	159
155	161
63	75
31	47
47	61
96	103
1	12
155	161
63	75
31	47
47	61
154	175
63	75
31	47
47	61
96	103
151	172
100	128
155	161
63	75
31	47
47	61
154	175
96	103
8	48
1	12
155	161
63	75
31	47
47	61
96	103
155	161
1	12
63	75
31	47
47	61
1	12
62	69
155	161
63	75
31	47
47	61
155	161
8	48
63	75
31	47
1	12
155	161
63	75
1	12
155	161
63	75
62	69
155	161
96	103
63	75
155	161
63	75
47	61
96	103
157	159
155	161
63	75
47	61
96	103
157	159
155	161
63	75
47	61
154	175
96	103
157	159
155	161
63	75
31	47
47	61
154	175
96	103
157	159
155	161
63	75
31	47
47	61
154	175
157	159
155	161
63	75
31	47
47	61
96	103
155	161
63	75
47	61
96	103
155	161
63	75
157	159
155	161
63	75
47	61
96	103
155	161
63	75
47	61
96	103
120	123
157	159
155	161
63	75
31	47
47	61
154	175
155	161
63	75
31	47
47	61
159	175
96	103
155	161
63	75
47	61
96	103
155	161
120	122
47	61
63	75
155	161
120	122
31	47
47	61
63	75
155	161
63	75
155	161
63	75
96	103
155	161
63	75
156	179
120	122
167	168
155	161
63	75
47	61
156	179
120	122
31	61
155	161
63	75
47	61
156	179
120	122
155	161
63	75
31	47
47	61
156	179
167	168
155	161
63	75
31	47
96	103
155	161
31	47
63	75
167	168
155	161
63	75
167	168
47	61
156	179
150	158
155	161
63	75
31	47
47	61
156	179
100	128
150	158
155	161
63	75
156	179
154	175
96	103
120	122
100	128
150	158
155	161
63	75
156	179
154	175
167	168
150	158
155	161
63	75
31	47
159	175
96	103
155	161
120	122
100	128
105	106
95	106
38	61
63	75
47	61
159	175
155	161
120	122
38	61
63	75
47	61
159	175
156	179
120	122
100	128
155	161
63	75
31	47
96	103
155	161
31	47
63	75
100	128
173	180
100	128
155	161
63	75
31	47
47	61
173	180
100	128
1	12
155	161
63	75
47	61
159	175
96	103
126	127
173	180
100	128
1	12
155	161
63	75
31	47
159	175
96	103
173	180
155	161
63	75
31	47
1	12
173	180
1	12
155	161
63	75
31	47
47	61
38	61
173	180
100	128
155	161
63	75
47	61
155	161
63	75
100	128
47	61
155	161
63	75
31	47
47	61
156	179
155	161
1	12
63	75
167	168
47	61
155	161
1	12
63	75
47	61
154	175
155	161
1	12
63	75
167	168
47	61
155	161
1	12
63	75
47	61
155	161
1	12
63	75
47	61
155	161
1	12
63	75
31	47
47	61
155	161
1	12
63	75
31	47
47	61
1	12
63	75
31	47
47	61
26	35
31	47
63	75
100	128
1	12
8	48
1	12
63	75
31	47
47	61
156	179
154	175
26	35
47	61
63	75
100	128
1	12
159	175
100	128
1	12
63	75
159	175
156	179
154	175
154	175
63	75
31	47
101	103
167	168
139	141
63	75
31	47
47	61
154	175
105	106
167	168
63	75
31	47
154	175
101	103
167	168
127	128
1	12
63	75
31	47
47	61
159	175
127	128
63	75
31	47
47	61
101	103
31	47
63	75
167	168
47	61
101	103
31	47
63	75
167	168
167	168
127	128
155	161
63	75
31	47
47	61
155	161
31	47
167	168
63	75
155	161
31	47
63	75
167	168
139	141
155	161
63	75
31	47
120	130
31	47
63	75
100	128
173	180
63	75
47	61
139	141
101	103
173	180
63	75
139	141
101	103
8	48
63	75
47	61
139	141
150	158
8	48
63	75
47	61
8	48
173	180
139	141
63	75
47	61
156	179
154	175
8	48
120	122
63	75
156	179
120	122
1	12
139	141
155	161
63	75
31	47
47	61
156	179
101	103
1	12
155	161
63	75
31	47
47	61
101	103
155	161
120	122
63	75
101	103
120	122
1	12
155	161
63	75
47	61
156	179
101	103
173	180
1	12
155	161
63	75
47	61
156	179
101	103
173	180
100	128
139	141
155	161
63	75
156	179
101	103
120	122
173	180
100	128
139	141
155	161
63	75
156	179
101	103
155	161
120	122
47	61
63	75
156	179
120	122
139	141
155	161
63	75
126	130
156	179
155	161
63	75
31	47
126	130
156	179
173	180
155	161
63	75
31	47
126	130
167	168
173	180
126	130
155	161
63	75
31	47
120	122
126	130
155	161
63	75
31	47
120	122
139	141
155	161
63	75
126	130
47	61
120	122
155	161
63	75
126	130
101	103
120	122
167	168
173	180
155	161
63	75
126	130
47	61
173	180
139	141
155	161
63	75
126	130
47	61
120	122
139	141
155	161
63	75
126	130
47	61
155	161
63	75
167	168
126	130
156	179
155	161
63	75
31	47
155	161
31	47
120	122
167	168
63	75
155	161
31	47
63	75
167	168
126	130
105	106
167	168
100	128
120	122
155	161
63	75
31	47
105	106
126	130
62	69
155	161
63	75
31	47
159	175
155	161
63	75
31	47
173	180
126	130
155	161
63	75
31	47
47	61
173	180
100	128
62	69
155	161
63	75
126	130
47	61
159	175
173	180
155	161
63	75
126	130
47	61
159	175
167	168
173	180
100	128
62	69
155	161
63	75
126	130
47	61
159	175
167	168
173	180
155	161
63	75
126	130
47	61
101	103
120	122
167	168
173	180
1	12
155	161
63	75
126	130
47	61
159	175
156	179
120	122
173	180
31	47
155	161
63	75
126	130
47	61
159	175
173	180
155	161
63	75
126	130
47	61
159	175
101	103
173	180
100	128
155	161
63	75
126	130
47	61
159	175
101	103
167	168
173	180
155	161
63	75
126	130
47	61
101	103
167	168
173	180
100	128
126	130
155	161
63	75
31	47
167	168
173	180
155	161
63	75
126	130
159	175
173	180
155	161
63	75
63	75
31	47
126	130
154	175
63	75
126	130
101	103
159	175
62	69
63	75
126	130
101	103
31	47
120	122
126	130
47	61
63	75
100	128
126	130
63	75
31	47
47	61
154	175
63	75
126	130
47	61
63	75
31	47
63	75
31	47
62	69
7	61
63	75
31	47
63	75
31	47
153	169
7	61
63	75
31	47
126	130
101	103
63	75
31	47
126	130
173	180
100	128
63	75
126	130
173	180
1	12
63	75
100	128
126	130
63	75
126	130
154	175
63	75
126	130
101	103
63	75
100	128
126	130
101	103
155	161
63	75
100	128
126	130
81	140
8	48
63	75
126	130
62	69
154	175
62	69
63	75
126	130
159	175
154	175
101	103
62	69
63	75
126	130
47	61
156	179
154	175
101	103
173	180
63	75
126	130
62	69
31	47
63	75
126	130
62	69
63	75
126	130
101	103
62	69
63	75
126	130
62	69
167	168
173	180
62	69
63	75
126	130
47	61
154	175
101	103
173	180
63	75
126	130
101	103
173	180
155	161
63	75
126	130
51	101
101	103
31	47
63	75
126	130
101	103
173	180
63	75
31	47
126	130
101	103
167	168
126	130
62	69
63	75
31	47
101	103
63	75
126	130
101	103
167	168
126	130
63	75
31	47
47	61
156	179
101	103
63	75
126	130
51	101
101	103
51	101
63	75
126	130
47	61
156	179
26	35
101	103
154	175
63	75
126	130
47	61
101	103
63	75
126	130
47	61
173	180
120	130
63	75
126	130
154	175
101	103
63	75
126	130
120	130
101	103
8	48
173	180
120	130
126	130
63	75
31	47
154	175
8	48
173	180
120	130
126	130
63	75
31	47
154	175
101	103
8	48
126	130
63	75
31	47
154	175
101	103
8	48
154	164
173	180
63	75
126	130
47	61
154	175
154	164
8	48
126	130
47	61
156	179
154	175
8	48
126	130
47	61
154	175
154	175
8	48
173	180
120	126
126	130
47	61
156	179
63	71
8	48
167	168
31	47
126	130
47	61
154	175
8	48
167	168
126	130
47	61
156	179
154	175
173	180
8	48
63	75
126	130
47	61
47	61
167	168
126	130
8	48
126	130
47	61
101	103
126	130
120	130
8	48
126	130
8	48
126	130
167	168
154	175
173	180
126	130
173	180
155	161
120	130
167	168
173	180
120	130
166	174
47	61
154	175
63	71
8	48
167	168
173	180
120	130
63	71
154	175
173	180
154	175
164	180
167	168
120	122
173	180
120	130
63	71
154	175
47	61
173	180
173	180
166	174
8	48
126	130
63	71
47	61
63	71
100	128
47	61
47	61
31	47
47	61
51	101
47	61
47	61
173	180
31	47
126	130
1	12
47	61
47	61
1	12
156	179
120	122
164	180
1	12
95	106
47	61
156	179
96	103
83	115
154	173
166	173
1	12
19	70
166	174
47	61
156	179
51	101
120	122
83	115
1	12
159	174
47	61
154	175
95	105
101	103
1	12
95	103
126	130
47	61
120	123
154	175
161	169
153	169
97	101
158	177
30	38
126	130
47	61
18	76
120	123
101	106
101	104
161	176
1	12
168	169
161	169
97	104
155	175
101	104
153	169
97	101
126	130
47	61
30	63
120	123
83	120
173	177
167	169
169	176
161	169
155	175
164	169
120	123
153	169
6	68
97	101
116	130
95	122
6	10
97	104
168	169
47	61
8	61
101	104
9	43
173	177
154	175
97	104
95	116
97	101
132	138
47	61
8	61
101	104
155	177
63	71
30	63
30	50
161	169
97	104
18	166
97	101
164	174
43	62
121	122
26	63
101	104
18	169
43	72
48	66
18	169
97	104
166	169
97	101
10	150
56	164
164	174
101	104
18	166
43	72
18	169
97	104
169	173
166	169
56	150
101	104
161	169
12	43
18	166
123	127
154	175
43	72
123	144
156	179
153	175
161	169
166	173
104	138
65	150
64	27
123	138
164	179
159	177
166	169
64	156
56	179
101	104
18	166
56	156
9	24
97	101
8	48
97	104
27	177
56	27
56	64
64	179
18	169
123	144
103	104
153	175
156	179
97	103
64	179
154	175
65	150
157	177
166	169
56	179
101	104
68	95
22	43
169	173
18	166
56	156
97	101
8	48
97	104
27	177
103	104
123	127
18	169
123	144
101	103
97	103
154	175
166	169
27	175
56	179
101	104
22	43
169	173
18	166
56	156
95	155
97	104
97	101
27	177
64	95
103	104
123	127
64	155
18	169
101	103
97	103
154	27
175	177
166	169
27	175
153	169
101	104
18	153
18	166
56	156
27	159
103	144
95	155
20	64
97	104
97	101
9	12
64	173
27	177
90	147
64	95
101	103
123	127
18	169
123	144
103	104
132	138
97	103
68	76
175	177
166	169
27	175
101	104
18	166
56	156
95	155
20	95
20	64
97	101
9	12
97	104
27	177
90	147
64	95
104	109
101	103
123	127
18	169
123	144
103	104
97	103
68	76
175	177
48	109
166	169
27	175
101	104
18	166
56	156
69	87
95	155
20	95
20	64
97	101
9	12
63	105
97	104
27	177
64	95
101	103
123	127
64	155
18	169
123	144
103	104
161	169
154	27
22	71
97	103
20	155
72	144
154	175
68	76
166	169
27	175
31	123
18	166
56	156
69	87
95	155
101	104
20	95
20	64
47	61
159	175
63	105
97	104
27	177
64	95
103	104
64	155
18	169
123	144
101	103
161	169
97	103
154	175
68	76
175	177
123	147
166	169
27	175
101	104
18	166
69	87
95	155
20	95
20	64
18	161
71	105
97	101
97	104
27	177
64	95
154	177
144	147
63	71
123	127
18	169
123	144
103	104
101	103
161	169
97	103
154	175
175	177
123	147
166	169
27	175
101	104
18	166
56	156
69	87
95	155
20	64
18	161
47	61
159	175
97	101
97	104
27	177
64	95
154	177
144	147
123	127
64	155
18	169
123	144
103	104
101	103
161	169
8	87
97	103
154	27
154	175
68	76
175	177
123	147
8	63
166	169
27	175
26	63
101	104
61	105
18	166
56	156
115	125
69	87
95	155
20	95
20	64
18	161
71	105
63	105
97	104
27	177
64	95
154	177
144	147
26	61
64	155
18	169
123	144
103	104
161	169
8	87
97	103
26	105
154	27
154	175
65	150
68	76
26	109
175	177
123	147
101	114
166	169
27	175
61	63
101	104
61	105
18	166
56	156
27	159
61	71
69	87
95	155
31	123
18	161
159	175
63	105
97	114
20	64
97	104
27	177
64	95
103	114
144	147
8	69
64	155
18	169
123	144
103	104
101	103
161	169
8	87
97	103
154	27
154	175
26	109
175	177
123	147
101	114
166	169
27	175
153	169
101	104
18	166
56	156
69	87
95	155
20	64
18	161
104	114
97	101
97	114
97	104
27	177
171	172
64	95
103	114
144	147
8	69
64	155
18	169
123	144
103	104
101	103
161	169
150	179
153	166
31	147
132	138
8	87
97	103
92	109
154	175
123	147
101	114
166	169
153	169
101	104
18	166
56	156
69	87
20	64
97	114
144	147
97	101
63	105
27	177
171	172
64	95
103	114
164	174
103	104
8	69
63	71
64	155
18	169
123	144
101	103
150	179
153	166
8	87
154	175
123	147
166	169
153	169
61	63
101	104
61	105
18	166
56	156
82	147
150	165
61	71
69	87
20	64
3	52
97	114
27	177
171	172
82	123
144	147
103	104
50	114
18	169
123	144
101	103
150	179
153	166
132	138
8	87
154	175
61	63
175	177
123	147
166	169
153	169
10	39
20	64
3	52
101	104
22	43
61	105
165	179
18	166
56	156
82	147
61	71
69	87
18	161
82	144
71	105
63	105
82	123
97	104
27	177
64	95
144	147
8	69
50	114
64	155
18	169
123	144
103	104
101	103
153	166
8	87
20	155
154	175
123	147
166	169
153	169
150	180
61	63
101	104
22	43
61	105
56	156
27	159
82	147
69	87
95	155
20	95
82	123
82	144
63	105
20	64
97	104
27	177
64	95
144	147
8	69
50	114
64	155
123	144
103	104
101	103
39	164
153	166
123	147
166	169
153	169
150	180
4	167
1	125
61	128
61	105
101	149
39	174
56	156
82	147
69	87
95	155
20	95
82	123
82	144
71	105
63	105
54	147
20	64
97	104
27	177
63	128
64	95
144	147
50	114
123	144
56	156
39	164
153	166
132	138
43	105
97	103
144	147
71	128
154	175
123	147
166	169
153	169
101	104
43	71
61	105
39	174
43	63
27	159
82	147
69	87
20	95
18	161
97	101
63	105
20	64
97	104
27	177
64	95
164	174
8	69
50	114
123	144
103	104
101	103
153	166
132	138
43	105
97	103
154	175
123	147
43	128
166	169
153	169
4	167
101	104
43	71
105	128
39	174
56	156
82	147
69	87
95	155
20	95
97	104
71	105
63	105
20	64
27	177
171	172
64	95
164	174
103	104
8	69
50	114
18	169
101	103
153	166
132	138
97	103
163	165
154	175
175	177
123	147
166	169
153	169
61	63
1	125
101	104
39	174
56	156
82	147
69	87
95	155
20	95
97	104
20	64
27	177
64	95
164	174
8	69
50	114
103	104
101	103
93	145
153	166
132	138
97	103
154	175
175	177
123	147
166	169
4	167
1	125
101	104
61	128
61	105
39	174
56	156
82	147
69	87
95	155
82	123
71	105
63	105
20	64
27	177
63	128
64	95
164	174
8	69
50	114
63	71
103	104
101	103
153	166
132	138
97	103
164	174
103	104
175	177
18	68
61	71
31	82
4	167
68	161
101	104
61	105
39	174
56	156
82	147
115	125
69	87
31	123
82	123
123	147
97	101
63	105
20	64
97	104
27	177
171	172
64	95
158	165
144	147
65	76
8	69
50	114
123	144
101	103
153	166
132	138
97	103
144	147
175	177
18	68
158	165
31	82
61	63
68	161
101	104
61	105
56	156
61	71
95	155
20	95
82	123
18	161
123	147
71	105
97	104
20	64
171	172
64	95
154	177
164	174
65	76
50	114
123	144
101	103
88	109
153	166
143	147
132	138
97	103
154	175
97	104
175	177
18	68
31	82
61	63
68	161
101	104
56	156
27	159
103	104
61	71
31	123
20	95
123	147
71	105
97	101
63	105
123	143
20	64
27	177
171	172
64	95
154	177
144	147
50	114
123	144
101	103
153	166
132	138
97	103
154	175
97	104
4	167
175	177
123	147
61	63
68	161
101	104
56	156
143	144
20	95
18	161
18	68
71	105
143	147
123	143
20	64
27	177
64	95
154	177
144	147
65	76
8	69
50	114
123	144
103	104
10	177
153	166
105	114
97	103
154	175
123	147
31	82
61	63
104	143
101	104
56	156
71	72
54	109
31	123
20	95
18	161
18	68
132	138
31	147
4	167
20	64
97	104
27	177
171	172
64	95
154	177
144	147
103	104
8	69
50	114
10	57
50	105
123	144
101	103
10	177
88	109
153	166
132	138
154	175
123	147
31	82
61	63
31	123
56	156
82	147
71	72
54	109
101	104
20	95
20	64
97	104
27	177
171	172
64	95
154	177
144	147
8	69
10	57
123	144
101	103
88	109
153	166
132	138
154	175
175	177
123	147
159	177
31	82
38	61
56	156
48	71
54	109
20	95
20	64
97	104
27	177
171	172
64	95
154	177
144	147
106	116
8	69
101	106
123	144
101	103
56	156
153	166
31	82
132	138
154	175
114	125
38	61
96	104
101	104
96	101
115	125
54	109
10	27
20	64
27	177
64	95
144	147
106	116
8	69
54	88
48	63
96	103
103	104
101	103
153	166
82	147
132	138
154	175
18	68
106	123
31	82
38	61
104	116
96	104
96	101
48	71
114	116
20	95
20	64
82	144
31	147
27	177
114	123
64	95
154	177
144	147
8	69
63	71
101	103
104	123
154	175
104	130
153	166
132	138
35	61
175	177
87	138
31	82
39	174
96	101
48	71
115	125
20	95
20	64
18	161
150	164
65	155
120	123
27	177
64	95
154	177
144	147
8	69
123	127
101	103
64	150
35	61
153	166
132	138
20	155
154	175
175	177
18	68
87	138
64	65
61	63
1	125
43	71
22	43
84	89
115	125
22	48
18	161
150	174
65	155
164	180
27	177
96	97
154	177
144	147
8	69
35	63
123	127
87	132
101	103
95	150
153	166
97	101
132	138
20	155
154	175
65	150
175	177
87	138
27	175
31	82
38	61
61	63
1	125
123	130
35	63
96	101
82	147
115	125
150	155
144	147
65	155
31	147
127	130
27	177
82	144
64	95
154	177
164	174
8	69
4	167
123	127
88	109
87	132
101	103
43	72
153	166
132	138
20	155
66	71
154	175
65	150
175	177
174	180
64	76
31	82
38	61
1	125
154	177
96	101
82	147
115	125
156	174
54	92
150	155
144	147
63	75
65	155
20	150
77	104
87	138
164	180
27	177
82	144
64	95
30	169
164	174
8	69
123	127
18	166
87	132
39	164
39	76
31	147
105	106
132	138
164	174
154	27
66	71
154	175
65	150
175	177
87	138
161	166
31	82
38	61
1	125
18	166
82	147
115	125
31	144
54	109
82	144
143	147
154	177
144	147
8	69
4	167
18	76
123	127
39	174
87	132
154	175
94	104
132	138
166	167
154	27
66	71
1	115
87	138
31	82
38	61
1	125
43	63
115	125
166	177
54	109
97	101
155	176
54	88
123	127
101	103
48	72
132	138
66	71
48	63
87	138
161	166
38	61
1	125
39	174
96	101
150	158
159	175
97	101
20	64
155	176
123	127
101	103
88	109
48	72
31	61
66	71
150	169
87	138
155	168
1	125
22	43
115	125
159	175
97	101
30	61
20	64
155	176
106	116
54	88
123	127
101	103
169	176
155	169
87	138
54	88
155	176
31	61
38	61
97	103
168	169
154	175
95	104
159	175
123	127
66	71
169	175
157	177
22	43
1	12
132	138
87	138
31	61
38	61
168	169
22	43
4	16
169	176
48	71
19	21
97	104
30	38
30	31
155	176
95	120
4	65
123	127
155	169
87	132
105	106
162	163
66	71
97	104
87	138
168	169
120	127
48	71
116	125
22	43
155	176
50	66
105	125
123	127
87	132
162	163
77	121
97	103
87	138
31	61
168	169
22	43
169	176
48	71
143	144
160	162
155	176
144	147
50	66
48	71
155	176
144	147
50	66
168	169
63	71
160	162
155	169
96	103
101	103
30	75
63	66
64	65
31	61
168	169
169	176
48	71
50	63
30	38
20	49
50	66
63	71
155	169
96	103
101	103
48	71
30	47
162	163
31	61
22	72
144	147
50	71
97	103
50	63
48	71
48	50
1	43
31	47
47	61
63	71
48	71
96	97
50	71
47	61
96	104
97	104
26	48
101	104
96	104
155	169
47	61
169	173
39	60
103	104
43	72
96	101
30	75
39	60
155	173
105	106
96	104
101	104
155	169
169	173
30	75
173	179
101	104
50	66
47	61
30	63
155	169
96	104
169	173
26	54
96	104
101	104
155	169
103	104
101	104
162	175
96	104
95	101
103	104
96	101
89	139
96	103
96	104
101	104
96	104
103	104
101	104
96	101
103	104
96	104
101	104
96	103
101	103
96	101
4	64
96	104
101	104
101	103
96	101
105	106
47	61
101	103
96	104
101	104
30	38
106	128
103	104
105	128
96	101
63	75
63	71
101	104
96	104
101	103
96	101
154	175
96	103
101	103
101	104
48	66
96	101
159	175
154	175
96	103
101	103
96	101
154	175
101	103
159	175
154	175
101	103
154	175
95	101
47	61
96	101
96	103
47	61
101	103
120	123
96	103
120	122
101	103
104	107
101	103
120	122
96	103
120	123
120	122
96	103
120	122
120	123
120	122
101	103
120	123
154	175
120	122
120	123
168	169
101	103
120	123
105	106
120	123
105	106
104	107
120	123
154	175
120	122
120	123
120	122
120	123
120	122
120	123
81	140
120	122
120	123
154	175
120	123
101	103
120	123
101	103
120	123
120	123
47	61
101	103
9	24
120	123
47	61
120	123
120	122
47	61
120	123
120	122
47	61
96	103
120	123
120	123
47	61
9	24
168	169
47	61
120	123
168	169
47	61
120	123
168	169
120	123
168	169
120	123
157	159
168	169
47	61
120	123
96	103
168	169
47	61
120	123
47	61
120	123
168	169
120	123
168	169
47	61
120	123
30	38
104	107
47	61
104	107
120	123
101	103
104	107
120	123
162	173
168	169
47	61
120	123
30	38
101	103
104	107
168	169
47	61
120	123
30	38
101	103
104	107
96	101
105	106
47	61
96	101
47	61
101	103
120	123
96	101
96	103
47	61
101	103
120	123
168	169
101	103
47	61
101	103
120	123
47	61
47	61
96	103
47	61
101	103
47	61
101	103
120	123
168	169
120	123
47	61
120	123
47	61
120	123
50	66
47	61
96	103
120	123
96	103
47	61
120	123
89	139
96	103
47	61
96	103
120	123
96	103
47	61
101	103
96	103
47	61
120	123
47	61
96	103
1	12
120	123
96	103
47	61
96	103
47	61
26	35
47	61
120	123
47	61
120	123
47	61
120	123
100	128
126	130
168	169
47	61
120	123
159	162
47	61
159	162
120	123
168	169
159	175
120	123
162	175
168	169
47	61
154	162
120	123
30	38
47	61
120	123
30	38
168	169
47	61
120	123
168	169
47	61
120	123
30	38
168	169
47	61
120	123
47	61
120	123
120	122
47	61
120	123
155	169
47	61
47	61
120	123
47	61
47	61
47	61
159	175
47	61
159	175
154	175
126	130
47	61
120	123
154	175
47	61
120	123
47	61
159	175
120	123
126	130
47	61
159	175
120	123
47	61
120	123
47	61
101	103
120	123
8	43
47	61
101	103
120	123
47	61
101	103
120	123
96	103
47	61
120	123
47	61
101	103
120	123
47	61
101	103
120	123
31	47
47	61
120	123
30	38
101	103
104	107
89	139
96	103
47	61
120	123
47	61
104	107
120	123
155	169
47	61
104	107
120	123
155	169
96	103
47	61
104	107
120	123
8	43
155	169
47	61
104	107
120	123
8	43
126	130
47	61
104	107
155	169
30	38
155	169
47	61
104	107
120	123
30	38
155	169
47	61
104	107
120	123
155	169
47	61
104	107
120	123
47	61
120	123
30	38
155	169
96	103
104	107
155	169
47	61
104	107
120	123
155	169
104	107
120	123
155	169
126	130
155	169
96	103
47	61
155	169
47	61
120	123
155	169
96	103
126	130
47	61
120	123
155	169
96	103
126	130
47	61
120	123
162	163
31	47
47	61
120	123
155	169
96	103
31	47
47	61
120	123
155	169
126	130
120	123
31	47
126	130
120	123
162	163
31	47
47	61
120	123
155	169
96	103
162	163
155	169
120	123
155	169
47	61
120	123
155	169
89	139
155	169
47	61
120	123
120	122
47	61
120	123
120	123
30	38
96	103
96	103
126	130
120	123
96	103
101	103
96	103
101	103
89	139
154	175
104	107
157	159
120	123
101	103
104	107
120	123
101	103
104	107
120	123
89	139
31	47
30	38
155	169
101	103
104	107
31	47
120	123
30	38
155	169
101	103
104	107
96	103
101	103
104	107
155	169
96	103
126	130
104	107
120	123
96	101
89	139
126	130
155	169
101	103
104	107
104	107
120	123
101	103
104	107
155	169
120	122
47	61
104	107
120	122
47	61
96	103
104	107
154	175
96	103
47	61
104	107
96	103
47	61
104	107
120	123
96	103
157	177
104	107
154	175
96	103
157	177
104	107
120	123
120	123
126	130
163	173
154	175
96	103
104	107
96	103
47	61
159	175
104	107
120	123
162	163
104	107
159	175
120	123
96	103
173	177
96	103
126	130
47	61
104	107
154	175
155	169
104	107
120	123
154	175
104	107
120	123
154	175
104	107
120	123
154	175
104	107
120	123
96	103
47	61
104	107
120	123
104	107
120	123
104	107
120	123
104	107
120	123
30	38
104	107
120	123
30	38
104	107
120	123
104	107
120	123
120	122
104	107
120	123
120	122
47	61
104	107
120	123
120	122
89	139
31	47
47	61
120	123
104	107
120	122
104	107
120	123
154	175
96	103
104	107
120	123
155	169
96	103
47	61
104	107
120	123
155	169
120	122
104	107
120	123
155	169
96	103
47	61
104	107
120	123
155	169
120	122
96	103
104	107
120	123
155	169
120	122
47	61
96	103
104	107
96	101
120	122
47	61
120	123
96	103
104	107
120	122
9	24
159	177
120	123
155	169
96	103
157	177
104	107
120	122
159	177
126	130
31	47
47	61
155	169
96	103
157	177
104	107
89	139
120	122
96	103
104	107
120	123
120	122
126	130
162	173
104	107
120	123
120	122
126	130
47	61
120	123
154	175
96	103
35	71
104	107
120	122
162	163
162	173
89	139
126	130
47	61
120	123
96	103
104	107
162	173
89	139
126	130
120	123
104	107
89	139
126	130
162	173
104	107
120	123
126	130
8	43
104	107
120	123
126	130
104	107
120	123
96	103
126	130
104	107
120	123
96	103
63	71
104	107
120	123
126	130
168	169
63	71
120	123
47	61
104	107
120	123
168	169
104	107
7	61
168	169
63	71
104	107
120	123
89	139
31	47
104	107
120	123
89	139
8	43
104	107
120	123
96	103
100	128
8	43
104	107
120	123
96	103
31	47
8	43
104	107
120	123
96	103
104	107
120	123
104	107
96	103
104	107
126	130
104	107
96	101
96	103
126	130
104	107
120	123
104	107
120	123
101	103
104	107
120	123
155	169
104	120
12	69
104	107
159	175
12	69
104	107
120	123
104	107
104	107
120	123
96	103
104	107
120	123
96	103
47	61
104	107
120	123
155	169
126	130
162	173
104	107
120	123
30	38
104	107
120	123
96	103
126	130
104	107
96	103
104	120
162	173
104	107
30	38
104	107
120	123
30	38
104	107
8	43
104	107
155	169
96	103
104	107
96	103
104	107
104	120
1	12
104	107
1	12
31	47
47	61
104	107
120	123
155	169
47	61
101	103
104	107
162	163
104	120
101	103
104	107
155	169
162	163
1	12
47	61
120	123
154	175
101	103
104	107
104	120
162	163
47	61
120	123
155	169
96	103
104	107
104	120
47	61
101	103
104	107
1	12
47	61
104	107
154	175
96	103
31	47
101	103
104	107
154	175
101	103
104	107
162	163
31	47
47	61
104	107
8	43
162	173
47	61
154	175
155	169
104	107
155	169
8	43
104	107
163	173
30	38
104	107
30	38
155	169
104	107
101	103
104	107
104	107
89	139
96	103
104	107
120	123
104	107
120	123
104	107
162	163
96	103
104	107
120	123
89	139
159	175
120	123
154	175
96	103
104	107
96	103
100	128
47	61
104	107
159	175
162	163
155	169
96	103
8	43
104	107
157	159
89	139
31	47
47	61
104	107
8	69
47	61
104	107
155	169
47	61
104	107
155	169
47	61
104	107
155	169
47	61
104	107
120	123
47	61
104	107
8	9
47	61
104	107
120	123
8	9
162	163
104	107
8	9
12	46
47	61
159	175
155	169
104	107
157	159
155	169
47	61
104	107
120	123
155	169
47	61
104	107
120	123
47	61
104	107
96	103
47	61
101	103
104	107
120	123
47	61
104	107
9	24
8	43
89	139
47	61
104	107
80	139
96	103
47	61
104	107
8	43
96	103
126	130
47	61
104	107
96	101
8	9
128	130
12	46
8	43
126	130
47	61
101	103
104	107
120	122
89	139
126	130
47	61
96	103
104	107
157	159
47	61
104	107
101	103
104	107
157	159
96	103
101	103
104	107
38	47
157	159
120	122
172	179
120	123
154	175
104	107
154	175
120	122
96	103
104	107
47	61
104	107
159	175
172	179
31	47
47	61
162	173
104	107
96	103
104	107
89	139
47	61
104	107
120	122
47	61
104	107
47	61
101	103
104	107
47	61
101	103
104	107
120	122
89	139
47	61
154	175
101	103
104	107
120	122
47	61
154	175
96	103
101	103
104	107
120	122
47	61
96	103
101	103
104	107
8	9
120	122
47	61
96	103
101	103
104	107
89	139
47	61
120	123
96	103
101	103
104	107
89	139
47	61
120	123
101	103
104	107
8	9
120	122
47	61
120	123
96	103
104	107
47	61
104	107
159	175
120	122
47	61
104	107
104	107
120	122
47	61
104	107
120	123
89	139
63	71
47	61
104	107
89	139
96	103
47	61
104	107
120	123
1	12
162	173
47	61
120	123
155	169
104	107
157	159
1	12
47	61
104	107
120	123
8	43
162	173
89	139
47	61
155	169
104	107
155	169
120	122
100	128
104	107
155	169
104	107
159	175
120	123
162	173
47	61
159	175
120	123
155	169
104	107
154	175
47	61
104	107
154	175
126	130
47	61
104	107
120	122
126	130
47	61
104	107
163	173
96	103
47	61
101	103
104	107
163	173
96	103
100	128
47	61
104	107
120	123
7	61
100	128
50	66
101	103
104	107
159	175
120	123
155	169
96	103
104	107
104	107
120	123
155	169
96	103
104	107
120	123
96	103
104	107
120	123
155	169
100	128
104	107
120	123
155	169
100	128
104	107
120	123
155	169
157	177
104	107
7	61
104	107
7	61
89	139
159	175
163	173
104	107
96	103
120	123
104	107
7	61
7	61
163	173
155	169
96	103
104	107
155	169
96	103
101	103
104	107
155	169
96	103
96	103
159	175
96	103
120	123
96	103
163	173
101	103
120	123
89	139
120	123
101	103
104	107
163	173
12	46
120	123
63	71
104	107
47	61
101	103
12	46
96	103
47	61
104	107
155	169
50	66
47	61
104	107
47	61
104	107
120	123
47	61
12	46
104	107
100	128
157	177
104	107
104	107
120	123
155	169
47	61
104	107
101	103
162	173
47	61
104	107
96	103
104	107
96	103
104	107
120	123
47	61
104	107
120	123
154	175
47	61
104	107
120	123
8	9
89	139
50	66
126	130
104	107
120	123
96	103
89	139
100	128
47	61
104	107
120	123
157	159
100	128
162	173
120	123
163	173
155	169
96	103
104	107
96	101
105	106
155	176
47	61
120	123
155	169
101	103
104	107
8	9
96	101
155	169
100	128
162	173
47	61
120	123
30	38
154	175
101	103
104	107
96	101
100	128
47	61
120	123
96	103
104	107
163	173
96	101
120	122
123	127
100	128
162	173
50	66
47	61
159	175
155	169
154	175
96	103
104	107
114	123
155	176
50	66
154	175
155	169
96	103
104	107
100	128
162	173
105	114
154	175
155	169
101	104
103	104
163	173
154	175
163	173
159	175
123	127
8	9
169	172
103	120
158	159
12	46
169	170
114	122
169	175
169	179
157	159
100	128
56	179
50	66
114	122
47	61
60	67
30	75
154	169
12	69
104	120
100	128
12	46
56	179
8	12
50	66
31	47
47	61
169	175
100	128
12	69
50	61
56	179
63	71
1	9
154	175
18	169
7	61
1	12
56	179
36	169
5	169
18	169
104	120
40	68
100	128
56	179
3	59
47	61
154	175
18	169
94	95
47	61
57	169
104	120
36	169
114	122
63	71
47	61
114	122
99	103
120	123
105	106
104	120
99	103
3	59
114	122
47	61
76	169
104	120
99	103
8	46
114	122
101	103
104	123
100	128
99	103
114	122
120	123
99	103
104	123
89	139
99	103
8	69
114	122
46	69
8	46
104	123
89	139
99	103
105	123
8	69
47	61
8	46
104	123
8	46
101	147
99	109
122	147
103	138
106	138
89	139
103	147
8	69
46	69
101	144
104	123
8	46
99	103
8	69
114	122
114	121
46	69
154	175
104	123
8	46
104	120
114	121
81	99
114	122
120	123
81	103
104	123
104	120
82	103
99	113
103	148
8	46
81	84
103	137
138	147
120	123
104	123
46	69
100	128
8	46
120	123
104	123
84	90
84	148
46	69
100	128
164	174
8	46
120	123
104	123
84	90
84	148
90	148
46	69
121	122
120	123
6	14
84	148
100	128
4	20
120	123
115	123
104	123
84	90
150	165
4	20
114	121
114	122
120	123
104	123
84	90
150	165
165	180
90	148
120	123
4	20
114	121
114	122
121	122
49	165
104	123
165	169
4	20
114	121
114	122
104	115
120	123
89	122
120	123
104	120
153	161
104	123
114	122
100	128
103	104
115	120
120	123
77	120
155	176
4	20
114	122
120	123
115	120
103	104
155	168
101	104
155	176
120	123
115	120
101	103
84	90
150	151
105	120
155	168
115	120
168	176
155	168
105	120
100	128
155	176
126	130
115	120
114	122
155	168
105	120
155	176
101	103
126	130
120	123
103	104
105	120
155	168
155	176
103	104
120	123
155	168
155	176
126	130
120	123
115	120
168	176
155	168
105	120
126	130
155	176
114	122
103	104
155	168
105	120
120	123
94	95
114	122
116	123
123	127
103	104
89	90
120	127
155	168
105	120
100	128
114	122
116	123
123	127
168	176
103	104
106	122
120	127
155	168
105	120
106	122
155	176
114	122
116	123
123	127
103	104
155	168
105	120
120	123
155	176
114	121
114	122
123	127
103	104
6	20
103	104
123	127
105	123
6	20
155	168
155	168
105	120
101	104
94	120
123	127
96	120
103	104
6	20
114	122
103	114
100	128
121	122
103	104
103	104
101	104
155	168
122	127
123	127
122	123
103	104
6	20
95	115
155	168
100	128
155	176
105	113
95	104
103	104
105	127
106	123
104	120
58	130
155	168
122	127
155	176
120	123
96	103
101	103
6	20
155	176
120	123
156	179
58	130
155	168
96	103
101	103
96	103
101	103
96	101
96	103
120	122
101	103
96	103
101	103
155	176
101	103
155	168
26	43
155	176
101	103
155	168
120	123
155	176
101	103
6	20
155	168
120	122
155	168
155	176
120	123
101	103
6	20
155	168
26	38
126	130
120	123
101	103
156	179
20	49
155	176
120	123
168	176
120	123
101	103
155	168
101	103
155	168
120	123
155	176
26	38
155	168
120	123
100	128
155	176
6	20
155	168
155	168
155	176
56	179
120	123
96	103
6	20
56	179
6	14
156	179
155	176
155	168
56	156
120	122
155	168
155	176
56	179
120	123
6	20
56	156
155	168
156	179
155	176
56	179
120	123
6	14
6	20
56	156
155	168
155	176
56	179
120	123
168	176
101	103
6	20
56	156
155	168
56	176
120	123
155	176
56	179
156	179
168	176
101	103
6	20
56	156
155	168
120	123
56	179
6	20
156	179
6	14
101	103
104	107
56	156
155	176
56	179
156	179
168	176
101	103
6	20
56	156
155	168
156	179
56	179
168	176
120	123
96	103
6	14
101	103
6	20
56	156
155	168
156	179
155	176
56	179
6	20
120	123
168	176
6	14
101	103
104	107
56	156
56	179
6	14
101	103
156	179
56	156
155	168
155	176
56	179
120	123
168	176
101	103
6	20
56	156
155	168
155	176
120	123
168	176
6	14
101	103
6	20
56	156
155	168
155	176
6	20
168	176
6	14
101	103
104	107
56	156
168	176
155	176
101	103
155	168
56	156
155	168
155	176
120	123
168	176
101	103
56	156
168	176
155	176
101	103
155	168
56	156
155	168
155	176
120	123
168	176
101	103
56	156
155	168
155	176
120	123
168	176
101	103
56	156
168	176
155	176
104	107
155	168
56	156
120	122
127	130
155	168
100	128
155	176
120	123
168	176
101	103
56	156
168	176
89	90
155	176
155	168
56	156
120	122
155	168
155	176
120	123
168	176
101	103
89	90
56	156
155	168
100	128
155	176
155	179
168	176
101	103
104	107
56	156
168	176
155	176
101	103
155	168
56	156
120	122
155	168
155	176
168	176
101	103
56	156
168	176
155	176
96	103
155	168
56	156
168	176
155	176
101	103
155	168
56	156
120	122
155	168
155	176
120	123
96	103
168	176
56	156
104	120
155	168
155	176
168	176
96	103
56	156
168	176
155	176
155	168
56	156
96	103
155	168
155	176
168	176
101	103
56	156
155	168
155	176
152	179
168	176
101	103
56	156
155	168
155	176
168	176
101	103
112	121
56	156
40	59
155	176
168	176
155	168
56	156
168	176
155	176
101	103
155	168
56	156
155	168
155	176
120	123
168	176
101	103
56	156
168	176
120	123
155	176
155	168
56	156
168	176
120	123
155	176
155	168
56	156
168	176
155	176
155	168
2	90
168	176
155	176
96	103
155	168
168	176
120	123
155	176
112	121
155	168
96	103
155	176
168	176
155	168
155	176
168	176
47	61
155	168
120	122
155	168
155	176
120	123
168	176
1	48
168	176
9	75
155	176
155	168
168	176
24	75
155	176
155	168
168	176
120	123
155	176
155	168
155	176
168	176
104	120
47	61
155	168
104	120
155	168
1	12
155	176
47	61
120	123
168	176
56	156
155	168
155	176
24	75
120	123
168	176
56	156
40	59
150	179
155	168
155	176
24	75
168	176
56	156
40	59
104	120
155	168
155	176
168	176
56	156
40	59
104	120
155	168
155	176
168	176
1	48
56	156
150	179
155	168
155	176
168	176
1	48
40	151
168	176
155	176
155	168
168	176
155	176
96	103
155	168
150	179
56	164
40	151
120	123
168	176
96	103
40	151
150	174
47	61
168	176
120	123
40	151
168	176
138	147
174	179
164	174
40	151
40	59
168	176
166	169
138	147
120	123
138	165
168	176
56	156
166	169
56	179
138	147
120	123
168	176
56	156
139	172
166	169
120	123
126	130
3	40
47	61
168	176
56	156
150	179
64	76
166	169
12	43
120	123
36	76
36	64
168	176
138	174
56	156
40	59
150	179
64	76
166	169
164	174
36	76
36	64
168	176
43	72
56	156
40	59
166	169
40	151
36	76
36	64
168	176
43	72
56	156
64	153
166	169
59	151
36	169
36	166
36	153
168	176
150	179
64	166
166	169
40	151
36	166
36	153
43	72
56	156
166	169
64	153
59	151
40	151
36	169
36	166
40	59
166	169
153	169
40	151
36	169
126	130
36	153
36	153
59	151
166	169
166	169
104	120
64	169
40	151
166	169
40	59
43	72
40	59
166	169
100	128
64	169
36	169
36	166
153	169
168	176
56	156
166	169
36	169
153	166
120	123
40	151
153	169
64	161
120	123
56	156
166	169
40	164
120	123
36	64
56	156
40	164
36	64
56	156
56	179
150	151
36	64
156	179
56	156
36	64
120	123
101	103
156	179
56	156
156	179
126	130
120	123
101	103
43	72
56	156
167	176
120	123
156	179
96	103
101	103
43	72
56	156
120	123
43	72
56	156
120	122
49	76
120	123
36	64
96	103
43	72
56	156
165	174
120	123
36	64
96	103
56	156
166	169
120	123
96	103
56	156
166	169
96	103
18	166
56	156
150	151
166	169
120	123
36	169
36	161
96	103
56	156
36	169
36	166
36	153
96	103
36	169
36	166
120	123
36	153
150	151
36	161
164	165
36	153
36	169
36	166
120	123
154	175
36	166
150	151
166	169
59	180
120	123
96	103
152	156
166	169
59	165
100	128
40	165
164	165
36	169
120	123
18	36
18	166
166	169
59	165
150	151
18	36
164	165
161	169
161	166
19	57
19	64
164	165
120	123
126	130
96	103
18	169
156	179
56	156
18	169
165	174
19	64
120	123
96	103
55	64
56	156
150	151
19	64
96	103
55	64
101	103
56	156
161	166
150	151
38	63
120	123
56	156
100	128
19	57
19	64
63	71
120	123
96	103
101	103
156	179
18	166
56	156
87	165
150	151
165	174
19	64
120	123
101	103
18	166
59	57
161	166
150	151
165	174
19	64
89	139
139	146
120	123
19	56
18	166
19	64
59	57
86	139
152	156
89	139
139	146
19	56
168	176
101	103
18	166
59	57
161	166
165	180
19	64
18	161
120	123
36	169
19	56
152	156
18	166
174	178
164	178
127	128
19	64
56	64
19	56
156	179
165	174
18	166
151	172
19	64
164	178
100	128
161	166
18	161
56	64
120	123
19	56
96	103
18	166
2	68
100	128
164	178
19	64
120	123
56	64
54	63
19	56
18	166
2	68
120	122
19	64
161	166
100	128
120	123
35	54
59	179
56	64
151	165
19	56
1	48
26	54
18	166
120	122
161	166
156	164
163	165
19	56
96	103
40	179
1	48
26	54
18	166
