154	155
154	155
154	155
154	155
154	155
154	155
154	155
19	56
154	155
154	155
19	56
19	56
154	155
19	56
19	56
19	56
154	155
19	152
19	56
154	155
19	56
154	155
19	56
19	56
19	56
12	35
56	152
12	74
19	56
12	35
56	152
12	74
19	56
12	74
19	56
12	74
56	152
56	165
12	19
12	74
19	74
12	19
12	74
113	168
19	74
56	152
99	103
12	19
12	74
19	74
12	35
12	19
19	74
19	35
96	103
12	35
96	103
19	74
19	74
12	35
56	152
19	74
56	152
19	74
12	35
19	74
12	35
56	152
19	74
33	168
19	74
33	56
33	168
19	74
33	56
155	165
19	74
12	35
33	168
76	157
19	74
150	180
76	157
19	66
153	159
66	74
19	74
85	106
76	159
12	35
33	179
19	66
159	177
19	74
33	168
120	123
165	168
19	74
33	168
89	91
120	123
85	106
33	76
19	74
89	91
120	123
85	106
20	157
12	35
46	74
113	154
85	106
46	74
8	74
35	43
89	91
83	123
66	74
120	123
66	74
10	76
8	69
120	123
19	56
95	153
8	69
19	56
1	12
66	74
85	91
76	153
66	74
19	56
76	177
76	153
66	74
8	69
91	106
89	91
19	56
85	106
150	173
46	74
120	123
66	74
18	76
33	13
19	56
18	153
150	165
46	74
153	166
95	101
152	164
85	95
66	74
76	166
8	46
156	159
120	123
159	164
154	159
150	173
30	48
153	166
33	73
66	74
18	76
41	74
154	159
30	48
66	74
166	174
41	74
158	173
171	172
66	74
8	46
41	74
155	166
120	123
19	56
154	175
30	48
155	172
48	69
120	123
120	123
150	158
26	54
153	161
154	158
30	48
1	12
35	43
1	43
154	175
96	103
123	124
154	159
165	173
120	123
101	103
26	54
4	64
154	159
120	123
157	159
83	85
120	123
4	64
154	159
120	124
4	64
96	103
26	54
4	64
96	103
26	54
4	64
105	106
89	91
26	54
83	85
120	123
4	64
6	32
26	54
156	179
4	64
83	85
120	123
4	64
156	171
156	179
4	64
81	140
26	54
83	120
26	54
83	120
4	64
83	120
4	64
83	120
26	54
15	61
152	165
4	64
83	120
152	165
4	64
83	120
4	64
83	123
152	165
83	120
15	61
26	61
4	64
4	64
1	12
15	61
83	120
26	54
4	64
15	61
154	175
152	165
83	120
4	64
4	64
15	61
152	165
83	120
152	165
4	64
154	175
154	175
4	64
152	165
152	165
4	64
83	123
15	61
4	64
151	165
157	159
81	140
15	61
152	165
83	120
15	61
151	165
4	64
15	61
151	165
83	120
81	140
15	61
151	165
83	120
81	140
83	120
151	165
4	64
83	120
151	165
157	159
83	120
26	54
4	64
1	12
15	61
83	120
26	54
15	61
4	64
83	120
120	123
157	159
4	64
151	165
154	175
83	120
26	54
157	159
4	64
15	61
151	165
83	120
15	61
83	120
15	61
154	175
83	120
15	61
4	64
83	120
120	123
15	61
4	64
83	120
151	165
15	61
152	165
83	120
15	61
154	175
4	64
83	120
15	61
4	64
83	120
26	54
157	159
4	64
15	61
151	165
83	120
26	54
4	64
83	120
26	54
151	165
15	61
4	64
83	120
26	54
151	165
15	61
4	64
83	120
151	165
4	64
1	12
15	61
151	165
152	165
26	54
15	61
1	12
152	165
4	64
15	61
4	64
83	120
83	120
151	165
157	159
4	64
1	12
15	61
152	165
83	120
157	159
15	61
152	165
157	159
152	165
151	165
157	159
83	123
26	54
157	159
1	12
15	61
151	165
96	103
83	120
26	54
157	159
1	12
81	140
15	61
151	165
26	54
157	159
4	64
81	140
15	61
83	120
26	54
157	159
15	61
4	64
81	140
12	43
26	61
83	120
157	159
83	120
157	159
83	120
157	159
15	61
4	64
83	120
157	159
83	120
15	61
4	64
15	61
157	159
4	64
157	159
4	64
152	165
4	64
81	140
4	64
4	64
15	61
4	64
157	159
4	64
4	64
157	159
4	64
4	64
15	61
154	175
4	64
120	123
15	61
154	175
152	165
4	64
157	159
152	165
4	64
157	159
152	165
4	64
157	159
152	165
4	64
4	64
15	61
154	175
152	165
26	54
83	120
4	64
83	120
152	165
4	64
151	165
152	165
4	64
83	120
26	54
151	165
4	64
15	61
151	165
96	103
152	165
26	54
152	165
83	120
26	54
4	64
83	120
4	64
15	61
83	120
26	54
4	64
1	12
83	120
154	175
4	64
4	64
4	64
81	140
4	64
15	61
1	12
4	64
4	64
4	64
83	120
152	165
4	64
26	54
15	61
4	64
83	120
15	61
4	64
83	120
120	123
4	64
83	120
15	61
158	173
4	64
83	120
158	173
4	64
83	120
26	54
15	61
4	64
83	120
26	54
15	61
158	173
4	64
15	61
154	175
4	64
4	64
83	120
4	64
83	120
151	165
4	64
83	120
151	165
96	103
4	64
83	120
151	165
15	61
4	64
83	120
151	165
15	61
96	103
4	64
83	120
15	61
96	103
4	64
83	120
15	61
154	175
4	64
83	120
15	61
154	175
4	64
83	120
15	61
4	64
83	120
15	61
4	64
83	120
15	61
96	103
4	64
83	120
96	103
4	64
83	120
15	61
152	165
4	64
83	120
152	165
4	64
83	120
157	159
158	173
4	64
15	61
96	103
83	120
15	61
96	103
4	64
83	120
154	159
158	173
4	64
15	61
96	103
83	120
15	61
4	64
83	120
158	159
158	159
4	64
15	61
96	103
83	120
4	64
83	120
158	159
96	103
4	64
4	64
26	35
83	120
15	61
4	64
83	120
157	159
15	63
4	64
12	43
63	71
151	165
152	165
26	54
157	159
1	12
152	165
4	64
26	54
157	159
154	159
158	173
4	64
1	12
26	54
157	159
154	159
4	64
81	140
15	61
151	165
83	120
26	54
15	61
4	64
158	173
83	120
158	173
4	64
1	12
15	61
83	120
26	54
157	159
15	63
120	123
4	64
15	61
151	165
83	120
157	159
15	63
4	64
81	140
15	61
151	165
96	103
26	54
15	61
157	159
96	103
4	64
157	159
164	180
81	140
15	61
106	127
83	120
4	64
63	71
120	123
96	103
83	120
164	180
120	123
4	64
151	165
96	103
83	120
154	159
4	64
15	61
120	123
96	103
83	120
154	159
4	64
15	61
63	71
96	103
4	64
1	12
154	159
15	26
63	71
83	120
4	64
96	103
151	165
4	64
157	159
154	159
4	64
157	159
4	64
154	159
35	38
157	159
164	174
154	159
4	64
4	64
154	159
4	64
35	38
157	159
4	64
120	123
154	159
164	180
4	64
154	159
164	180
4	64
154	159
4	64
154	159
15	71
15	61
15	38
151	165
120	123
4	64
151	165
106	110
151	165
4	64
15	71
15	61
81	140
63	71
106	110
81	140
4	64
106	110
4	64
96	103
4	64
106	110
96	103
4	64
81	140
63	71
106	110
4	64
106	110
1	12
1	12
4	64
106	110
4	64
157	159
158	173
4	64
15	61
106	110
158	173
157	159
4	64
154	159
106	110
157	159
4	64
154	159
106	110
120	123
157	159
158	173
4	64
154	159
106	110
157	159
154	159
4	64
106	110
96	103
157	159
154	159
106	110
96	103
4	64
106	110
96	103
4	64
106	110
96	103
83	120
157	159
96	103
4	64
83	120
157	159
106	110
83	120
157	159
154	175
106	110
154	159
157	159
154	159
4	64
96	103
157	159
15	61
83	120
154	159
157	159
4	64
157	159
83	120
157	159
96	103
157	159
154	159
157	159
154	159
83	120
26	54
157	159
154	159
156	179
120	123
157	159
154	173
154	159
15	61
120	123
96	103
157	159
96	103
154	159
157	159
154	159
120	123
96	103
154	159
4	64
96	103
26	54
154	159
120	123
154	159
120	123
154	175
96	103
26	54
154	159
4	64
26	54
154	159
96	103
26	54
156	179
154	159
156	179
157	159
154	159
26	54
157	159
96	103
154	159
26	54
157	159
96	103
154	159
157	159
4	64
1	12
154	159
96	103
157	159
4	64
154	159
96	103
154	159
164	180
154	159
4	64
4	64
154	159
154	159
154	159
157	159
151	152
4	64
154	159
151	172
154	159
1	12
63	71
154	159
1	12
157	159
154	159
157	159
4	64
154	159
154	175
83	120
157	159
154	159
157	159
154	159
4	64
154	175
157	159
4	64
120	123
83	120
154	159
4	64
154	175
83	120
4	64
154	159
120	123
154	159
120	123
157	159
154	159
157	159
154	159
96	103
95	116
154	159
63	71
96	103
157	159
154	159
105	106
15	61
26	54
157	159
4	64
154	159
120	123
96	103
4	64
154	159
171	178
120	123
96	103
4	64
154	159
120	123
96	103
1	12
4	64
154	159
15	61
171	178
96	103
4	64
154	159
157	159
15	61
4	64
157	159
154	159
154	159
4	64
157	159
4	64
15	61
63	71
154	175
157	159
154	159
63	71
154	159
120	123
151	172
154	159
4	64
120	123
26	54
154	159
120	123
151	172
4	64
15	61
120	123
154	175
96	103
26	54
26	54
120	123
26	54
120	123
154	159
4	64
120	123
83	120
1	12
120	123
26	54
4	64
120	123
81	140
1	12
26	54
157	159
120	123
157	159
81	140
120	123
83	120
157	159
120	123
81	140
157	159
1	12
81	140
157	159
120	123
156	179
157	159
1	12
63	71
120	123
83	120
26	54
157	159
1	12
63	71
96	103
81	140
157	159
107	120
81	140
120	123
96	103
1	12
154	159
120	123
96	103
1	12
154	159
81	140
15	61
120	123
96	103
1	12
154	159
81	140
120	123
96	103
81	140
120	123
157	159
81	140
120	123
157	159
154	159
63	71
120	123
4	64
1	12
154	159
120	123
154	159
120	123
164	180
26	54
15	61
164	180
1	12
15	61
1	12
4	64
120	123
158	173
1	12
154	159
158	173
4	64
12	35
15	61
63	71
83	120
26	54
157	159
4	64
15	61
4	64
1	12
158	173
15	61
26	54
15	61
4	64
158	173
63	71
151	172
158	173
1	12
15	61
63	71
26	54
15	61
4	64
154	159
4	64
1	12
15	61
15	61
1	12
63	71
4	64
4	64
63	71
4	64
83	120
154	159
154	175
4	64
26	54
4	64
63	71
120	123
35	71
4	64
63	71
4	64
83	120
63	71
4	64
164	180
4	64
1	12
105	113
96	103
63	71
164	180
4	64
81	140
4	64
120	123
164	180
81	140
4	64
63	71
154	175
1	12
4	64
107	120
38	43
15	61
4	64
120	123
15	61
4	64
15	61
154	175
83	120
120	123
15	61
83	120
120	123
157	159
4	64
15	61
120	123
154	175
83	120
157	159
154	159
4	64
120	123
154	175
15	61
154	159
4	64
120	123
96	103
12	26
4	64
154	159
12	26
4	64
120	123
157	159
51	130
154	159
61	71
4	64
15	61
120	123
35	63
157	159
154	159
1	12
15	61
120	123
35	63
157	159
154	159
35	63
120	123
4	64
35	63
120	123
157	159
158	159
4	64
154	159
81	140
15	61
35	63
157	159
158	159
120	123
4	64
154	159
81	140
154	159
158	173
158	159
4	64
1	12
157	159
158	173
158	159
4	64
154	158
15	71
4	64
154	158
120	123
51	130
158	159
154	158
15	61
158	159
4	64
154	158
38	43
4	64
154	158
158	159
158	159
154	159
4	64
1	12
158	173
158	159
4	64
96	103
154	158
154	159
61	71
158	159
96	103
154	158
158	159
1	12
154	158
35	63
158	173
158	159
4	64
154	159
51	130
158	159
154	159
15	71
171	178
154	158
157	159
158	159
154	159
157	159
154	159
158	159
154	158
10	56
157	159
158	159
15	61
61	71
15	71
15	61
157	159
154	159
33	76
15	71
157	159
154	159
26	54
15	71
157	159
15	71
157	159
107	120
157	159
120	123
157	159
120	123
157	159
120	123
26	54
15	71
157	159
154	175
120	123
157	159
154	175
120	123
157	159
120	123
120	123
15	71
26	54
120	123
154	159
15	71
120	123
154	175
26	54
156	171
120	123
26	54
15	71
164	175
120	123
120	123
157	159
1	12
120	123
96	103
35	63
18	68
1	12
15	71
120	123
96	103
35	63
1	12
15	71
120	123
154	175
96	103
1	12
15	71
120	123
96	103
1	12
15	71
120	123
154	175
120	123
1	12
15	71
51	130
120	123
1	12
15	71
96	103
154	159
15	71
15	61
1	12
154	175
154	159
15	61
15	61
154	159
132	138
154	159
91	138
168	170
132	138
154	175
162	177
125	132
154	159
15	61
159	174
63	71
156	179
101	103
154	175
170	179
156	175
29	119
165	174
120	123
139	141
150	174
154	156
95	121
156	179
85	99
95	119
26	54
36	177
165	180
156	179
164	165
26	54
100	124
95	119
36	159
152	156
36	154
158	165
170	179
139	141
15	61
151	40
158	180
36	175
152	179
165	168
63	71
33	65
33	76
36	154
158	165
95	138
170	179
139	141
164	174
15	61
158	170
36	159
156	179
152	159
1	12
139	141
164	174
15	61
57	151
26	54
100	124
65	73
1	12
33	76
11	167
15	61
78	96
15	61
11	60
119	129
14	95
14	64
64	95
20	95
119	129
26	54
96	101
18	68
100	130
20	95
33	76
1	12
89	93
64	95
80	138
119	129
55	95
6	14
101	103
123	124
76	138
18	121
33	138
20	95
33	76
64	95
119	129
96	103
101	103
26	54
100	124
76	138
20	64
88	106
18	121
33	138
20	95
33	76
142	85
11	60
85	88
63	71
99	114
64	95
96	103
101	103
100	124
76	138
20	64
99	101
33	138
1	12
89	111
98	114
119	125
64	95
85	106
85	114
20	95
100	124
76	138
20	64
79	106
33	138
1	12
33	76
98	99
64	95
119	129
20	95
100	124
39	95
18	68
33	138
20	95
64	95
89	111
1	12
119	125
15	61
27	116
100	124
125	129
85	149
64	95
33	76
20	95
132	138
119	125
63	71
98	101
100	124
101	103
88	109
64	95
33	76
20	95
132	138
81	140
88	109
96	101
125	129
20	64
79	106
64	95
33	76
20	95
125	136
132	138
119	125
119	129
56	95
96	101
100	120
18	68
119	136
18	121
20	95
33	76
119	125
120	124
119	129
100	124
100	120
20	64
20	95
64	95
33	76
139	141
79	96
96	101
1	12
96	106
100	124
79	101
100	120
20	64
19	95
119	136
20	95
64	95
33	76
1	12
119	125
119	129
96	106
100	124
26	43
79	101
100	120
96	101
132	138
119	136
20	95
64	95
33	76
20	64
19	70
119	125
125	136
1	12
96	106
79	101
100	120
101	114
119	136
29	119
64	95
33	76
1	12
132	138
81	140
107	124
119	129
119	125
20	95
38	90
88	109
96	101
20	64
96	106
79	106
119	136
96	114
106	114
33	76
20	95
132	138
116	130
107	124
89	114
64	95
119	129
119	125
79	96
38	90
100	124
100	120
125	129
18	68
79	106
119	136
64	95
33	76
79	96
119	125
119	129
101	106
101	114
79	101
96	106
101	103
100	124
100	120
18	68
119	136
56	70
64	95
29	119
125	136
19	70
119	125
119	129
101	103
38	90
26	45
100	120
20	64
99	101
99	103
83	112
125	136
19	70
85	105
119	125
119	129
96	106
101	103
38	90
119	136
100	120
20	64
119	136
99	103
125	136
119	125
85	105
38	90
119	129
83	123
96	106
101	103
99	101
119	136
64	95
101	103
99	103
20	95
125	136
19	70
116	130
119	129
107	124
47	61
132	138
119	125
120	124
96	106
100	124
157	177
99	101
100	120
88	109
99	101
29	119
64	95
99	103
20	95
132	138
119	125
119	136
19	70
119	129
96	106
153	161
38	90
101	103
18	68
99	103
20	95
132	138
19	151
70	151
151	40
153	161
38	90
101	103
18	68
99	101
29	119
20	95
99	103
11	167
125	136
132	138
119	125
107	124
19	70
119	129
96	106
38	90
119	136
99	101
11	167
1	12
125	136
85	113
153	161
38	90
119	136
125	129
19	70
36	64
36	95
158	165
99	103
20	95
20	64
96	106
29	119
119	125
101	103
99	101
1	12
132	138
119	129
1	8
18	168
38	90
119	136
18	68
19	70
89	114
96	106
27	154
99	103
27	175
29	119
64	95
119	125
105	113
68	155
101	103
1	46
155	168
99	103
139	141
132	138
119	125
119	136
120	124
38	90
96	106
89	114
99	101
132	138
18	168
38	90
119	136
155	168
68	155
19	70
85	105
89	114
68	168
99	103
18	155
20	64
29	119
154	177
119	125
101	103
99	101
119	129
38	90
155	168
68	155
19	70
96	106
68	168
83	110
99	103
18	155
18	121
119	125
8	69
101	103
99	101
66	74
70	151
64	95
8	35
35	74
38	90
158	165
155	168
11	167
19	70
19	151
96	99
96	101
68	168
150	173
99	103
20	95
139	141
18	121
35	69
119	125
8	69
68	155
96	103
101	103
125	129
68	155
68	168
18	121
158	165
155	168
11	167
66	74
19	70
85	96
70	151
35	69
19	151
119	125
38	90
101	103
68	168
11	167
158	165
155	168
68	155
19	70
119	125
89	93
64	95
36	95
19	151
153	161
38	90
38	50
132	138
70	151
89	91
153	161
38	90
125	129
56	152
155	168
68	155
19	70
19	151
96	99
96	101
68	168
158	165
33	76
20	95
96	103
20	64
103	120
119	125
43	61
50	74
101	103
105	106
38	50
66	74
70	151
153	161
56	152
8	12
19	70
19	151
85	105
36	95
38	74
158	165
33	76
35	43
151	40
119	125
8	69
50	66
50	74
101	103
99	101
153	161
19	70
19	151
56	179
99	103
170	179
158	165
33	76
19	59
151	40
20	64
119	125
8	69
96	107
50	74
101	103
96	101
85	105
105	106
19	40
99	101
64	95
33	76
12	69
20	64
19	70
19	151
8	69
105	113
68	168
96	99
151	40
153	161
96	101
12	69
38	41
33	76
11	167
19	70
19	151
8	69
132	138
107	120
153	161
15	22
96	101
8	69
96	99
99	101
95	151
19	95
33	76
11	167
20	64
151	40
24	75
12	43
64	95
50	74
20	95
153	161
30	47
99	101
24	75
119	129
114	129
153	161
11	167
26	43
96	101
22	48
18	161
12	43
20	64
129	90
1	43
63	71
50	74
101	103
12	38
12	43
156	166
152	154
50	74
33	76
11	167
152	179
18	161
153	156
50	66
66	74
89	91
24	75
103	104
99	101
151	172
150	165
99	103
66	74
41	50
50	66
42	45
63	71
151	165
119	129
99	104
50	74
103	104
1	12
50	74
11	167
41	50
50	66
89	91
151	165
41	74
87	89
56	170
1	12
39	174
66	74
41	50
22	46
11	167
96	104
95	121
96	99
101	104
41	74
39	174
96	101
99	104
87	89
101	103
50	66
50	74
103	104
99	101
66	74
41	50
119	129
11	167
161	168
101	104
41	74
8	46
8	48
152	179
8	69
50	66
99	104
50	74
103	104
100	120
99	103
33	65
101	104
66	74
101	103
41	50
21	33
50	74
41	74
12	26
103	104
1	12
164	180
95	119
132	145
105	106
85	105
41	50
50	66
95	121
105	113
41	74
87	89
50	74
95	99
88	109
161	168
105	106
105	113
33	65
139	141
85	105
41	50
50	66
95	99
87	89
41	74
99	104
50	74
101	103
1	12
95	104
8	69
158	173
105	113
50	74
33	76
105	106
8	46
41	50
41	74
85	106
1	12
85	105
85	105
105	113
1	12
152	179
139	141
161	168
41	50
104	116
156	179
99	104
96	101
89	90
47	48
139	141
85	105
41	50
156	179
99	104
96	103
105	106
96	101
167	168
41	50
139	141
152	179
85	105
105	113
85	105
154	159
41	50
1	12
12	43
105	113
104	116
89	90
154	175
99	104
96	103
101	103
105	106
104	120
150	173
1	12
139	141
66	74
41	50
96	103
83	120
101	103
95	116
1	12
104	107
164	174
104	120
45	61
41	50
63	71
156	179
152	165
83	120
104	107
104	120
45	61
1	12
139	141
35	54
101	103
83	120
41	50
104	120
139	141
83	124
83	120
41	50
104	120
4	64
101	103
164	174
41	50
104	120
101	103
41	50
104	120
101	103
41	50
104	120
83	120
104	107
101	103
41	50
104	120
101	103
41	50
104	120
101	103
41	50
104	120
41	50
104	120
100	124
66	74
120	123
41	50
104	120
66	74
83	124
41	50
66	74
83	124
41	50
104	120
104	120
156	179
41	50
120	123
101	103
41	50
104	120
101	103
41	50
104	120
66	74
101	103
41	50
120	123
104	120
41	50
104	120
83	124
41	50
104	120
120	123
41	50
104	120
120	123
104	120
66	74
120	123
120	123
104	120
22	69
104	120
22	69
83	124
120	123
41	50
104	120
41	50
104	120
41	50
104	120
120	123
41	50
120	123
104	120
104	120
120	123
104	120
83	124
120	123
104	120
120	123
41	50
104	120
101	103
83	124
120	123
41	50
104	120
120	123
104	120
101	103
83	124
104	120
101	103
120	123
41	50
104	120
66	74
83	124
104	120
101	103
104	120
120	123
41	50
104	120
120	123
41	50
120	123
120	123
104	120
120	123
41	50
104	120
120	123
41	50
104	120
120	123
104	120
120	123
120	123
164	174
120	123
104	120
83	124
120	123
104	120
66	74
83	124
120	123
104	120
166	174
158	173
50	74
104	120
83	124
120	123
104	120
166	174
120	123
101	103
104	120
120	123
104	120
120	123
120	123
104	120
139	141
120	123
104	120
120	123
101	103
120	123
8	34
41	50
104	120
120	123
104	120
66	74
120	123
104	120
120	123
104	120
83	124
120	123
104	120
83	124
120	123
104	120
120	123
101	103
104	120
104	120
83	124
120	123
101	103
104	120
41	50
120	123
101	103
104	120
83	124
120	123
101	103
104	120
120	123
41	50
83	124
101	103
104	120
120	123
4	64
41	50
22	69
104	120
22	69
120	123
120	123
22	69
120	123
154	159
104	120
154	159
22	69
120	123
154	159
66	74
41	50
22	69
120	123
101	103
120	123
154	159
41	50
96	103
101	103
154	159
120	123
22	69
154	159
41	50
22	69
120	123
104	120
4	64
154	159
41	50
22	69
120	123
154	159
41	50
120	123
154	159
156	179
120	123
41	50
120	123
156	179
120	123
22	69
156	179
41	50
22	69
120	123
156	179
22	69
120	123
104	120
120	123
4	64
157	159
104	120
120	123
104	120
120	123
157	159
104	120
4	64
120	123
157	159
4	64
154	159
41	50
120	123
120	123
156	179
41	50
120	123
157	159
158	173
41	50
120	123
120	123
4	64
120	123
91	139
139	141
162	177
120	123
154	159
120	123
157	159
120	123
157	159
158	173
41	50
120	123
41	74
158	173
120	123
139	141
101	103
158	173
41	50
120	123
101	103
157	159
120	123
96	103
157	159
120	123
156	179
101	103
157	159
158	173
120	123
101	103
156	179
157	159
158	173
4	64
41	50
120	123
96	103
48	50
154	159
158	173
48	50
66	74
101	103
4	64
4	64
66	74
41	50
66	74
41	50
154	159
101	103
22	69
101	103
41	50
41	50
158	173
4	64
157	159
158	173
41	50
96	103
101	103
158	173
154	159
41	50
22	69
101	103
4	64
154	159
120	123
101	103
4	64
41	50
162	177
120	123
101	103
157	159
158	173
66	74
22	69
120	123
157	159
158	173
4	64
104	120
101	103
157	159
41	50
120	123
101	103
157	159
158	173
120	123
158	173
4	64
120	123
157	159
167	168
120	123
41	50
158	173
157	159
158	173
120	123
157	159
120	123
154	159
41	50
154	159
120	123
157	159
41	50
120	123
157	159
41	50
120	123
41	50
167	168
120	123
157	159
120	123
41	50
154	159
41	50
41	50
164	180
120	123
120	123
156	179
41	50
167	168
120	123
41	50
41	50
41	50
167	168
101	103
41	50
120	123
101	103
157	159
41	50
9	48
101	103
41	50
167	168
167	168
120	123
154	159
167	168
66	74
96	103
167	168
101	103
167	168
120	123
167	168
120	123
95	116
167	168
101	103
41	50
167	168
101	103
41	50
101	103
66	74
101	103
41	50
120	123
101	103
41	50
51	104
41	50
102	120
96	119
83	107
66	74
96	127
85	125
29	125
101	103
154	159
96	102
99	101
120	123
81	140
96	99
29	125
99	101
120	123
85	106
41	50
66	74
101	121
101	103
41	50
120	123
101	103
101	120
85	120
101	103
157	159
85	120
119	125
83	120
99	120
50	66
83	113
101	103
100	120
101	103
100	120
101	103
29	119
100	120
158	173
101	103
29	119
100	120
29	119
83	85
83	113
156	179
100	120
119	125
119	125
101	103
41	50
101	103
29	125
157	159
158	173
101	103
83	85
158	173
156	179
157	159
96	101
154	159
119	125
157	159
96	101
154	159
119	125
96	101
29	119
157	159
157	159
66	74
154	159
96	101
157	159
154	159
29	119
81	140
85	113
119	125
157	159
157	159
96	101
29	119
66	74
119	125
85	113
96	101
158	173
29	119
96	101
119	125
29	119
96	101
157	159
29	119
96	101
29	119
96	101
157	159
29	119
158	173
29	119
158	173
29	119
119	125
96	103
158	173
29	119
119	125
30	75
158	173
29	119
9	48
164	174
119	125
96	101
30	75
29	119
164	174
101	103
158	173
29	119
164	174
101	103
157	159
96	101
25	30
164	174
101	103
96	101
25	30
96	101
157	159
25	30
96	101
25	30
25	30
41	50
83	123
41	50
154	159
25	30
41	50
156	179
41	50
83	126
164	174
41	50
83	126
41	50
83	126
101	103
96	101
158	173
83	126
96	101
158	173
83	126
101	103
96	101
167	168
101	103
158	173
167	168
158	173
41	50
96	103
167	168
158	173
167	168
158	173
123	126
167	168
9	48
41	50
158	173
96	103
96	101
167	168
41	50
158	173
41	50
167	168
158	173
41	50
25	75
167	168
30	75
167	168
134	141
96	103
30	75
167	168
25	30
158	173
158	173
25	30
167	168
30	75
167	168
25	30
41	50
158	173
80	141
41	50
30	75
167	168
41	50
167	168
167	168
158	173
164	174
158	173
167	168
164	174
157	159
158	173
164	174
81	140
41	50
167	168
158	173
164	174
66	74
22	69
41	50
30	75
101	103
66	74
96	101
101	103
96	101
41	50
96	103
101	103
96	101
158	173
66	74
101	103
96	101
81	140
41	50
96	103
30	75
158	173
96	103
41	50
96	103
158	173
96	101
158	173
9	48
41	50
96	103
41	50
158	173
9	48
83	123
158	173
96	103
101	103
96	101
96	103
158	173
4	11
96	101
9	48
4	11
96	103
101	103
96	101
158	173
4	11
101	103
96	101
101	103
96	101
157	159
96	103
101	103
96	101
41	50
96	103
101	103
157	159
30	75
158	173
4	11
96	103
101	103
96	103
158	173
4	11
101	103
96	101
41	50
101	103
157	159
101	103
156	179
157	159
83	126
157	159
101	103
156	179
158	173
157	159
4	11
157	159
41	50
157	159
157	159
157	159
41	50
123	126
83	126
157	159
123	126
157	159
123	126
4	11
157	159
157	159
157	159
4	11
83	123
83	126
123	126
4	11
154	159
154	159
150	173
4	11
83	123
157	159
154	159
4	11
4	11
41	50
41	50
66	74
157	159
157	159
41	50
157	159
4	11
157	159
4	11
157	159
4	11
171	178
157	159
4	11
157	159
4	11
157	159
4	11
156	179
157	159
4	11
156	179
4	11
34	47
4	11
4	11
4	11
41	50
4	11
164	174
16	33
41	50
4	11
41	50
4	11
4	11
25	30
66	74
171	178
4	11
85	113
85	113
66	74
25	30
41	50
85	113
4	11
25	30
4	11
41	50
41	50
4	11
171	178
41	50
171	178
66	74
41	50
25	30
25	30
154	159
66	74
66	74
116	127
41	50
4	11
66	74
25	30
41	50
66	74
25	30
66	74
25	30
66	74
66	74
156	179
30	74
156	179
41	50
4	11
156	179
41	50
156	179
25	30
157	159
41	50
157	159
66	74
22	30
22	69
41	50
25	30
41	50
81	140
4	11
81	140
157	159
41	50
66	74
41	50
41	50
22	25
30	75
50	74
81	140
39	57
59	70
41	50
16	70
50	74
16	19
136	137
10	70
4	20
19	56
6	64
101	103
18	76
19	76
156	173
18	76
50	74
14	76
19	56
11	33
101	103
165	173
56	76
177	178
162	177
50	74
151	165
19	56
56	76
156	178
101	103
18	76
150	166
154	159
156	178
39	50
162	177
50	74
19	56
56	179
150	165
8	46
10	39
12	119
19	56
151	156
56	156
154	159
19	156
151	165
19	178
164	174
19	151
56	179
10	39
155	166
156	179
19	56
56	156
158	160
154	159
150	165
19	165
81	93
19	156
165	168
19	151
150	155
10	39
155	166
26	38
19	56
12	125
151	155
150	173
19	156
19	151
10	39
158	162
26	38
19	56
56	156
19	178
158	173
11	60
156	178
19	156
19	151
56	179
10	39
159	164
151	165
19	56
154	175
140	143
56	156
56	179
158	173
151	155
19	156
19	151
158	160
19	56
154	175
165	171
19	179
154	158
56	179
154	159
19	165
171	172
166	173
93	111
166	178
171	179
132	138
158	160
19	154
154	171
151	165
19	56
154	175
154	172
19	179
165	173
11	56
154	159
159	166
93	111
56	162
56	164
11	60
56	179
132	138
162	179
19	56
19	179
34	43
155	166
132	156
167	168
11	60
19	164
93	111
56	164
164	179
132	138
56	179
155	166
19	56
19	179
164	179
11	60
19	164
93	111
56	179
19	56
19	179
56	179
19	56
19	179
155	168
19	56
19	56
96	101
26	48
96	103
19	56
155	168
96	101
96	103
155	168
19	56
19	56
158	173
81	111
11	167
81	111
96	103
81	93
81	111
11	167
81	111
11	167
81	111
81	111
81	111
151	165
96	101
96	101
81	111
96	103
101	103
96	103
11	167
11	167
96	103
101	103
81	111
81	111
43	72
34	72
97	101
34	72
34	72
19	56
19	56
97	103
101	103
101	103
81	111
56	179
123	127
143	144
123	127
166	168
96	103
166	168
97	103
96	103
166	168
97	103
166	168
96	103
166	168
25	34
96	103
16	70
16	70
166	168
43	48
16	73
43	48
143	147
96	103
154	159
159	175
159	175
43	61
96	103
101	103
34	72
27	175
96	103
59	151
56	179
48	61
43	61
101	103
56	179
19	56
101	103
56	179
34	72
56	179
56	179
56	179
34	72
56	179
96	103
59	151
34	72
8	46
56	179
97	103
96	103
56	179
171	172
48	61
59	151
56	179
97	103
96	103
56	179
56	179
8	69
48	61
96	103
96	103
8	69
34	72
1	26
8	46
34	72
8	69
50	74
96	103
50	74
34	72
97	101
50	74
1	29
34	72
155	166
151	40
96	101
34	72
1	29
155	166
155	166
34	72
1	29
34	72
101	103
61	71
155	170
34	72
34	72
6	18
18	76
151	40
155	170
101	103
16	13
159	168
34	72
151	40
96	101
96	103
14	20
151	40
101	103
96	103
18	76
151	40
96	101
155	170
6	14
101	103
96	101
96	103
101	103
96	101
96	103
101	103
96	99
96	101
151	40
19	56
96	103
101	103
101	103
19	56
155	170
97	99
18	76
25	30
18	76
19	56
68	76
25	43
61	71
18	76
154	159
68	76
168	175
18	76
36	175
159	168
168	175
36	175
18	76
159	175
159	168
68	76
155	166
33	65
159	168
155	166
159	175
68	76
64	168
18	68
68	76
64	168
33	65
25	30
64	168
36	64
68	76
34	72
25	30
64	168
36	64
68	76
34	72
33	65
64	168
68	76
18	68
68	76
5	65
34	72
68	76
18	68
18	68
68	76
68	76
18	76
64	168
33	166
33	166
68	76
12	75
64	168
33	166
68	76
64	168
5	65
34	72
123	127
68	76
33	64
18	76
165	172
33	64
5	65
165	172
5	65
33	64
33	166
18	68
33	64
76	166
165	172
89	137
165	172
33	64
33	64
5	14
76	166
33	155
33	64
68	168
170	179
68	168
154	175
33	155
68	168
151	170
68	168
33	64
19	65
19	65
33	155
19	65
19	36
33	155
19	65
33	155
6	14
68	168
33	64
19	65
33	155
68	168
123	127
165	180
68	168
33	155
68	168
33	155
68	168
132	138
153	165
68	168
26	38
68	168
33	64
34	72
19	52
33	68
33	168
68	168
33	64
34	72
64	168
33	168
68	168
33	68
33	168
155	175
76	166
48	61
68	168
33	64
155	175
14	36
33	68
64	168
76	166
33	168
64	68
34	72
33	64
143	144
93	111
33	168
33	64
143	144
76	166
22	43
154	159
33	64
143	144
76	166
154	159
33	64
143	144
76	166
154	159
143	148
22	43
33	64
154	175
22	43
154	159
76	166
154	175
154	159
22	43
33	64
143	147
154	175
48	61
33	64
164	174
76	166
22	43
33	64
154	175
154	159
22	43
33	64
76	166
154	159
22	43
154	175
154	159
81	93
19	21
154	159
33	64
154	175
154	159
33	64
34	72
64	168
76	166
48	61
78	97
154	159
76	166
154	159
22	43
154	159
22	43
154	159
154	159
22	43
154	159
152	179
64	168
76	166
18	76
81	111
22	43
154	159
64	168
76	166
18	76
22	43
154	159
64	168
18	76
22	43
18	166
154	159
18	76
18	166
78	93
154	159
93	111
154	175
78	111
78	93
71	75
93	111
4	70
18	76
81	111
78	111
18	166
78	93
48	71
93	111
4	52
64	168
48	61
18	76
78	81
22	43
5	65
78	93
154	159
93	111
4	70
5	65
81	111
78	81
78	111
78	93
93	111
4	70
64	168
18	76
81	111
78	81
78	111
93	111
22	43
48	71
154	159
61	71
48	71
34	72
61	71
154	159
64	168
18	76
22	43
154	159
34	72
93	111
48	71
18	76
22	43
48	61
154	159
18	76
64	168
154	175
34	72
18	76
64	168
154	159
34	72
93	111
159	175
22	43
18	166
93	111
154	175
154	159
154	159
47	61
154	159
164	166
154	159
164	166
132	138
123	127
93	111
154	159
164	166
154	159
164	166
154	159
154	159
142	87
64	76
154	159
164	166
64	76
154	175
154	159
154	159
154	159
154	159
69	142
154	159
62	142
45	62
48	71
18	76
154	159
18	64
132	138
154	159
47	61
18	76
154	159
47	61
18	76
154	159
18	76
123	127
154	159
64	76
18	76
154	175
18	64
154	159
34	72
18	76
154	175
18	64
154	159
25	30
18	76
18	64
25	30
18	76
18	64
64	76
25	30
18	76
18	76
64	76
18	76
18	64
159	164
18	76
22	43
18	76
22	43
69	142
69	87
69	142
142	87
47	61
22	43
80	89
69	87
47	61
22	43
154	175
22	43
47	61
18	73
47	61
154	175
154	175
5	76
47	61
18	73
47	61
5	65
18	73
158	160
154	175
22	43
154	159
18	76
154	159
22	43
47	61
83	127
47	61
47	61
164	174
143	144
143	144
22	43
22	34
34	43
25	30
25	30
22	34
25	30
142	87
25	30
69	87
22	34
154	159
164	174
154	159
22	43
164	174
22	43
47	61
22	43
43	71
22	71
30	43
22	71
43	72
120	126
30	72
30	34
30	34
34	72
30	43
34	43
18	64
30	34
30	72
18	64
30	34
64	76
154	159
30	34
30	72
154	159
152	179
30	34
154	159
30	34
154	159
30	34
22	71
154	159
30	34
154	159
30	34
159	164
19	57
154	159
160	162
19	56
30	34
159	164
19	57
154	159
47	61
19	56
83	123
30	34
43	72
154	159
22	71
47	61
19	56
30	34
19	57
154	159
25	43
159	175
30	34
43	72
154	159
22	71
19	56
30	34
43	72
154	159
22	71
5	73
19	56
30	34
34	43
43	72
19	56
85	120
154	159
19	56
154	159
30	34
85	120
154	159
48	61
85	120
154	175
30	34
43	72
154	159
85	120
47	61
30	34
99	120
154	159
99	120
30	34
99	120
154	159
30	34
143	144
154	159
22	43
83	127
30	34
99	120
154	159
30	34
5	20
154	159
154	175
154	159
30	34
5	20
143	144
69	81
154	159
30	34
154	159
22	43
30	34
152	179
43	71
154	159
30	34
164	174
154	159
25	30
30	34
154	159
30	34
83	127
164	174
30	34
22	71
166	167
83	127
30	34
22	43
30	34
154	159
30	34
30	34
105	113
30	34
22	43
47	61
30	34
47	61
30	34
47	61
30	34
154	159
47	61
30	34
25	34
154	159
47	61
30	34
85	105
47	61
83	127
30	34
85	105
47	61
30	34
112	120
30	34
164	174
25	34
78	81
61	63
30	34
85	105
105	113
85	113
30	34
112	120
85	105
105	113
61	63
85	113
30	34
43	72
154	175
61	63
43	72
85	113
30	34
154	175
85	113
61	63
30	34
154	175
85	113
85	113
5	65
164	174
154	175
22	43
50	74
85	113
131	146
22	43
165	171
85	113
43	71
59	40
25	30
22	43
43	71
24	48
50	74
85	113
24	48
61	63
43	71
85	113
61	63
50	74
85	113
35	61
82	136
162	173
85	105
5	64
5	20
85	113
5	76
35	46
162	173
5	65
27	36
43	71
85	113
50	74
154	159
155	172
25	30
22	43
85	113
112	121
25	50
22	43
50	74
162	173
43	71
20	65
162	173
85	105
105	113
61	63
5	65
43	71
85	113
50	74
22	43
25	30
162	173
43	71
24	48
50	74
22	43
18	65
43	71
22	43
18	65
25	30
24	48
25	30
162	173
154	175
57	59
50	74
22	43
34	47
25	30
162	173
155	166
57	59
50	74
22	43
64	65
33	76
25	30
162	173
57	59
50	74
25	30
162	173
154	159
45	62
25	30
85	105
18	76
119	129
45	75
1	46
167	168
1	46
25	30
18	76
36	64
173	177
45	62
76	95
57	70
45	62
34	47
25	30
18	95
61	63
18	76
30	34
61	62
154	159
57	70
45	62
50	72
76	95
162	173
85	105
18	95
61	63
41	71
18	76
154	175
62	63
30	34
61	62
154	159
50	72
150	158
76	95
162	173
85	105
18	95
61	63
41	71
18	76
34	41
85	113
22	43
30	34
1	9
154	159
62	63
18	76
131	146
50	72
66	74
61	62
18	95
61	63
76	95
41	54
85	113
30	34
1	9
154	159
150	158
66	74
162	173
25	30
61	62
18	76
36	64
25	47
154	159
8	91
1	46
8	89
150	158
76	95
66	74
61	62
18	95
150	162
18	76
25	30
152	166
62	63
85	113
119	149
159	161
35	62
154	159
66	74
62	63
25	30
152	161
159	174
76	95
18	76
85	106
43	71
85	113
152	174
62	63
152	161
66	74
61	62
166	174
18	76
152	164
152	166
43	71
85	113
152	174
30	34
154	159
62	63
97	119
18	76
43	71
152	159
8	72
30	34
159	164
19	57
139	141
66	74
85	105
105	113
152	159
43	71
85	113
57	59
1	9
159	171
154	159
33	65
4	70
164	174
85	105
105	113
32	68
22	43
43	71
85	113
5	65
154	159
32	87
4	70
22	43
85	113
105	106
20	65
32	68
43	71
85	113
105	106
32	68
43	71
85	113
30	34
154	159
85	113
32	68
30	34
105	113
54	62
105	116
57	59
43	74
61	62
105	113
43	71
85	113
26	54
96	101
19	57
85	116
85	113
16	13
19	13
43	74
101	103
10	39
96	103
32	44
26	54
96	101
19	57
105	113
22	69
43	71
96	103
85	113
96	101
19	57
105	113
22	69
43	71
85	113
96	103
96	101
105	113
85	113
143	144
19	57
103	105
16	13
143	144
19	59
105	113
10	39
57	59
50	74
19	57
52	70
66	74
8	12
43	71
57	59
19	55
96	101
19	57
113	116
9	69
8	12
32	68
61	63
47	61
119	129
57	59
16	44
19	57
112	120
120	121
19	59
55	57
32	68
119	129
154	175
57	59
16	44
96	101
19	57
16	13
19	59
8	12
32	68
119	129
154	175
85	113
57	59
85	105
16	13
57	59
19	57
8	12
19	59
105	113
32	68
119	129
85	113
96	103
19	57
96	103
19	59
32	68
30	35
57	59
15	30
85	113
19	57
16	13
26	48
8	12
19	59
105	113
57	59
85	113
15	30
19	57
113	116
26	48
19	59
105	113
85	113
19	57
26	48
38	47
19	59
105	113
47	61
85	113
19	57
9	69
38	47
19	59
105	113
32	68
22	69
85	113
57	59
19	57
154	159
62	63
16	13
113	116
19	59
105	113
32	68
85	113
57	59
85	105
19	57
113	116
85	116
45	62
16	13
66	74
19	59
57	59
85	113
96	103
19	57
85	116
26	48
85	105
19	59
57	59
85	113
96	101
27	44
113	116
85	116
96	103
19	57
85	105
32	68
47	61
85	113
57	59
16	40
96	101
19	57
19	59
47	61
19	32
26	48
96	103
47	61
26	48
103	116
96	103
47	61
26	48
22	69
154	175
22	69
61	62
9	69
61	62
27	44
47	61
8	12
8	12
50	72
119	125
48	69
9	69
61	62
26	48
47	61
96	101
47	61
119	125
15	35
47	61
1	9
119	125
15	35
96	103
119	125
119	125
85	105
105	113
154	175
119	125
22	43
9	69
43	71
96	103
9	69
119	125
43	71
119	125
47	61
9	69
43	71
119	125
47	61
9	69
119	125
9	69
9	69
119	125
152	179
9	69
152	179
43	71
22	43
38	47
22	43
9	69
9	69
38	47
43	71
22	43
50	74
22	43
38	47
43	71
9	69
22	43
9	69
22	43
9	69
22	43
62	63
9	69
8	12
22	43
96	101
8	12
22	43
38	47
22	43
38	47
119	125
22	43
62	63
38	47
22	43
38	47
119	125
9	69
22	43
47	61
38	47
8	12
22	43
22	43
119	125
62	63
38	47
9	69
8	12
22	43
62	63
8	12
22	43
62	63
8	12
62	63
62	63
119	125
8	12
47	61
22	43
50	74
154	175
22	43
47	61
8	12
22	43
154	175
154	175
22	43
62	63
85	113
119	125
22	43
47	61
8	12
22	43
47	61
62	63
96	101
22	43
43	71
22	43
1	9
22	43
47	61
96	101
22	43
38	47
47	61
119	125
96	101
43	71
47	61
22	69
38	47
96	101
43	71
47	61
38	47
96	101
47	61
62	63
38	47
96	101
62	63
38	47
96	101
62	63
62	63
96	101
26	48
62	63
96	101
26	48
62	63
96	101
26	48
62	63
96	101
26	48
22	43
62	63
96	101
43	71
96	101
62	63
26	48
96	101
62	63
26	48
22	69
154	175
96	101
62	63
159	175
9	69
26	48
22	69
154	175
26	48
154	175
62	63
22	69
26	48
22	69
154	175
22	43
26	48
62	63
154	175
96	101
62	63
154	175
96	101
22	43
22	43
62	63
9	69
62	63
43	71
22	43
50	74
96	101
62	63
22	69
43	71
154	175
22	43
50	74
154	175
154	159
62	63
154	159
62	63
159	175
154	175
22	43
154	159
62	63
8	12
159	175
154	175
22	43
154	159
159	175
154	175
22	43
50	74
154	159
62	63
8	12
159	175
154	175
50	74
96	101
154	159
159	175
154	175
50	74
96	101
16	13
62	63
152	179
154	175
62	63
66	74
96	101
62	63
62	63
62	63
62	63
38	47
62	63
6	14
38	47
38	47
96	101
62	63
38	47
96	101
26	48
154	159
8	12
26	48
154	159
62	63
96	101
154	159
62	63
26	48
38	47
62	63
127	130
154	159
62	63
127	130
154	159
62	63
154	159
127	130
38	47
22	69
62	63
127	130
62	63
22	69
154	159
62	63
62	63
105	113
154	159
61	63
62	63
127	130
154	159
62	63
47	61
62	63
154	159
62	63
119	125
154	159
62	63
62	63
47	61
127	130
154	159
62	63
159	175
154	159
10	44
62	63
47	61
154	159
62	63
61	63
62	63
61	62
154	159
61	63
62	63
154	159
62	63
61	62
61	63
1	9
159	175
61	62
61	63
62	63
105	113
62	63
119	125
103	116
47	61
62	63
127	130
26	48
62	63
47	61
26	48
47	61
99	129
62	63
10	44
62	63
26	48
47	61
127	130
99	129
26	48
62	63
119	125
26	48
8	12
154	159
62	63
62	63
154	159
62	63
8	12
62	63
112	120
50	74
119	125
62	63
99	129
96	101
105	113
62	63
8	12
96	101
62	63
6	14
8	12
96	101
62	63
127	130
154	175
26	48
8	12
62	63
154	175
105	113
62	63
8	12
62	63
127	130
119	125
26	48
8	12
62	63
8	12
62	63
22	69
105	113
62	63
26	48
38	47
99	129
45	63
10	44
62	63
38	47
105	113
47	61
62	63
105	113
112	120
96	103
62	63
105	113
119	125
8	12
47	61
8	12
62	63
62	63
99	129
8	12
8	12
96	103
62	63
62	63
83	127
26	48
8	12
62	63
8	12
8	12
62	63
105	113
62	63
62	63
62	63
159	175
62	63
22	71
8	12
159	175
112	120
62	63
159	175
8	12
8	12
62	63
159	175
62	63
159	175
8	12
62	63
8	12
152	179
105	113
159	175
112	120
62	63
105	113
152	179
8	12
47	61
159	175
96	103
47	62
105	113
62	63
47	61
62	63
47	61
112	120
62	63
62	63
8	12
105	113
47	62
47	61
99	129
26	48
62	63
15	35
154	159
62	63
26	48
47	61
43	71
22	43
112	120
26	48
43	71
62	63
22	43
62	63
26	48
22	43
62	63
26	48
112	120
119	125
43	71
22	43
96	101
62	63
26	48
50	72
112	120
106	121
43	71
22	43
26	48
22	43
62	63
154	159
62	63
50	72
8	12
159	175
22	43
62	63
26	48
112	120
8	12
159	175
154	175
22	43
154	159
62	63
26	48
50	72
8	12
22	43
6	14
154	159
62	63
26	48
50	72
8	12
112	120
22	43
62	63
8	12
43	71
22	43
154	179
62	63
43	71
22	43
22	43
62	63
62	63
8	12
105	113
112	120
22	43
62	63
8	12
112	120
22	43
8	12
22	43
62	63
22	69
43	71
62	63
119	125
8	12
22	69
43	71
22	43
62	63
119	125
22	69
43	71
22	43
22	43
15	35
62	63
119	125
22	43
62	63
22	69
119	125
112	120
22	69
62	63
22	43
26	48
62	63
22	69
62	63
172	179
22	69
43	71
22	43
96	101
159	179
62	63
26	48
22	43
96	101
159	179
26	48
62	63
159	179
96	101
62	63
50	72
43	71
22	43
159	179
96	101
62	63
26	48
50	72
22	43
96	101
47	61
22	43
62	63
159	179
96	101
62	63
47	61
22	43
159	179
62	63
61	63
22	43
6	14
159	179
16	13
154	159
62	63
105	113
61	63
112	120
22	43
159	179
62	63
159	179
96	101
62	63
43	71
22	43
96	101
62	63
43	71
22	43
159	179
96	101
62	63
50	72
43	71
22	43
159	179
96	101
62	63
22	43
159	179
62	63
26	48
105	113
127	130
22	43
159	179
96	101
62	63
159	179
96	101
65	73
62	63
26	48
8	12
22	43
159	179
65	73
62	63
8	12
22	43
159	179
22	43
62	63
159	179
22	43
62	63
159	179
8	12
22	43
62	63
8	12
62	63
105	113
22	43
61	63
62	63
8	12
47	61
22	43
8	12
62	63
44	13
8	12
22	43
62	63
50	74
8	12
154	159
62	63
22	43
96	101
8	12
22	43
62	63
27	13
96	101
22	43
62	63
154	159
96	101
154	159
62	63
22	43
22	43
62	63
154	159
119	125
96	101
154	159
62	63
119	125
8	12
47	61
43	71
22	43
8	12
154	159
47	61
62	63
22	43
26	48
96	101
154	159
47	61
62	63
96	101
8	12
62	63
119	125
154	159
62	63
105	113
26	48
8	12
43	71
12	50
96	101
8	12
154	159
62	63
43	71
43	71
154	159
112	120
62	63
119	125
47	61
154	159
62	63
22	43
119	125
43	71
22	43
62	63
43	71
62	63
62	63
43	71
62	63
45	62
105	113
43	71
50	74
62	63
45	62
43	71
154	175
50	74
154	159
62	63
45	62
8	12
154	175
50	74
26	48
8	12
62	63
50	74
26	48
8	12
22	43
62	63
50	74
26	48
8	12
154	159
62	63
22	43
8	12
62	63
8	12
22	43
62	63
105	113
22	43
62	63
8	12
112	120
62	63
112	120
26	48
8	12
43	71
62	63
26	48
96	101
62	63
43	71
105	113
26	48
62	63
112	120
154	175
112	120
26	48
105	113
154	175
62	63
47	61
62	63
154	175
154	175
154	159
62	63
47	61
154	175
154	159
62	63
96	101
8	12
62	63
154	175
96	101
8	12
43	71
8	12
62	63
43	71
62	63
9	69
8	12
22	43
9	69
22	69
159	172
43	71
96	101
43	71
62	63
62	63
62	63
1	9
96	101
62	63
19	59
1	9
22	43
96	103
62	63
1	9
62	63
1	9
112	120
22	43
62	63
1	9
159	175
105	113
22	43
62	63
43	71
22	43
62	63
43	71
62	63
96	101
62	63
1	9
96	101
43	71
22	43
62	63
96	101
47	62
22	43
62	63
22	43
62	63
96	101
43	71
22	43
62	63
96	101
22	43
62	63
62	63
22	43
127	130
62	63
154	175
62	63
62	63
47	62
62	63
105	113
62	63
96	101
62	63
154	175
62	63
96	101
62	63
62	63
96	101
62	63
96	101
154	175
62	63
62	63
154	175
62	63
26	48
22	43
62	63
62	63
26	48
105	113
154	175
22	43
26	48
22	43
62	63
26	48
22	43
62	63
22	43
62	63
22	43
62	63
62	63
22	43
22	69
62	63
22	43
62	63
22	43
22	69
127	130
62	63
22	43
127	130
22	43
62	63
62	63
127	130
22	43
22	43
62	63
119	125
6	14
22	43
62	63
119	125
6	14
62	63
22	43
62	63
26	48
119	125
22	69
22	43
62	63
22	43
62	63
26	48
66	74
103	116
22	69
22	43
6	14
26	48
6	14
22	43
62	63
66	74
26	48
6	14
22	43
62	63
96	101
62	63
26	48
43	71
22	43
15	35
26	48
22	43
62	63
1	9
62	63
26	48
47	61
6	14
22	43
26	48
96	103
62	63
22	43
8	12
22	43
62	63
96	101
22	43
62	63
1	9
96	101
10	44
62	63
1	9
43	71
22	43
43	71
62	63
96	101
62	63
26	48
50	72
61	62
43	71
22	43
96	101
61	62
50	72
62	63
22	43
26	48
96	101
62	63
22	43
26	48
22	43
62	63
50	74
22	43
62	63
1	9
62	63
22	43
1	9
62	63
8	12
1	9
154	175
50	74
22	43
8	12
62	63
22	43
50	74
8	12
62	63
22	43
50	74
22	43
62	63
96	103
154	175
22	43
62	63
96	103
22	43
62	63
96	101
50	74
22	43
62	63
47	61
62	63
22	43
47	61
62	63
22	43
16	13
22	43
62	63
22	43
62	63
43	71
22	43
62	63
43	71
22	43
62	63
96	101
43	71
22	43
62	63
66	74
43	71
22	43
62	63
22	43
61	63
62	63
66	74
22	43
62	63
66	74
62	63
22	43
66	74
62	63
22	43
1	9
62	63
62	63
22	43
62	63
61	62
62	63
22	43
22	43
62	63
16	13
62	63
43	71
22	43
62	63
161	166
112	120
61	63
47	61
43	71
22	43
112	120
154	175
62	63
96	101
112	120
62	63
96	101
112	120
8	12
61	63
62	63
96	103
96	101
112	120
62	63
101	103
15	35
96	101
62	63
50	74
8	12
61	63
112	120
6	14
15	35
96	101
103	129
1	46
9	69
50	74
24	47
96	101
45	62
36	56
119	125
50	74
101	116
1	46
100	120
96	101
112	120
45	62
36	56
119	125
19	59
120	123
8	69
65	70
119	129
43	71
2	61
96	101
30	75
65	73
20	73
36	56
51	120
22	71
35	46
65	70
101	123
8	15
61	63
18	76
50	75
70	73
22	43
137	149
114	120
97	105
120	121
36	56
61	63
5	65
22	43
96	101
95	123
156	164
85	97
10	70
65	70
25	26
113	116
65	73
9	63
18	76
70	73
50	74
36	70
137	149
26	48
114	120
66	74
25	74
25	48
120	121
36	56
5	70
46	74
95	126
20	36
22	43
96	101
48	71
46	66
114	121
25	26
2	63
57	70
105	113
50	66
50	74
73	140
16	13
33	76
104	120
120	121
5	70
26	48
104	127
95	126
66	74
114	121
104	118
18	76
26	74
51	123
50	74
46	48
118	120
45	68
26	50
96	102
120	121
26	74
54	109
33	76
66	74
105	113
18	33
4	11
18	76
120	123
70	73
105	116
50	74
113	116
66	74
35	54
25	48
26	74
9	47
4	11
36	64
33	76
105	116
113	116
25	30
21	13
105	113
50	66
18	76
70	13
50	74
66	74
35	54
33	59
153	161
26	74
4	11
36	64
16	13
95	130
103	123
105	116
88	111
3	52
8	48
113	116
120	127
71	113
65	76
105	113
50	74
18	65
8	48
19	33
26	74
50	74
16	13
66	74
19	161
33	59
4	11
71	105
88	111
36	64
61	70
6	14
153	161
83	130
14	150
30	50
26	50
16	150
30	66
26	74
40	13
66	74
74	88
105	113
105	116
71	105
36	161
50	74
8	48
16	150
30	66
26	74
74	88
26	88
95	126
152	173
105	113
51	126
55	150
105	116
50	74
4	11
21	73
8	48
113	116
16	150
26	74
15	63
152	173
105	113
105	116
25	72
4	11
50	74
88	109
168	175
8	48
30	74
105	116
85	113
50	74
83	130
8	48
72	149
33	52
3	33
45	61
83	110
72	132
47	145
18	76
50	74
3	52
45	62
168	175
8	48
2	111
3	33
5	70
92	144
72	132
47	145
65	70
36	64
50	74
18	70
3	52
33	52
33	52
3	33
45	61
47	145
152	173
65	76
20	56
45	47
36	64
50	74
3	52
5	65
48	63
8	12
78	89
45	47
50	74
3	52
48	66
65	73
65	76
8	12
150	174
5	65
45	47
5	18
50	74
18	65
65	73
5	70
45	61
5	18
8	12
5	65
65	70
65	76
50	74
18	70
18	65
20	64
45	62
87	149
18	73
45	61
65	76
8	12
5	65
65	70
50	74
18	70
18	65
65	73
3	33
87	149
30	74
65	70
50	74
18	65
20	64
33	52
87	149
3	33
65	76
8	12
50	74
18	65
33	64
20	64
87	149
3	33
30	74
65	76
150	174
36	161
30	66
50	74
3	52
20	64
3	33
36	161
65	76
65	70
50	74
30	50
20	64
33	52
3	33
30	74
36	161
50	74
3	33
87	149
66	74
65	76
150	174
65	70
50	74
150	174
66	74
150	173
52	56
65	73
69	87
3	56
65	70
66	74
65	76
30	74
78	89
36	161
50	74
5	65
20	64
150	173
30	74
66	74
65	76
150	174
33	52
150	173
30	74
66	74
35	54
33	56
30	74
18	76
47	145
30	66
66	74
151	172
66	74
150	173
52	56
52	56
150	173
20	33
47	145
66	74
3	52
151	172
20	36
8	12
4	11
50	74
52	56
33	52
8	12
33	36
50	74
88	109
30	50
4	33
150	173
8	12
36	52
33	36
33	56
50	74
30	50
4	33
150	173
30	74
48	50
47	145
71	145
33	36
88	92
50	74
48	74
8	12
159	170
150	173
8	12
50	74
47	145
150	173
8	12
22	74
22	48
92	109
22	48
66	74
88	109
45	72
8	12
168	175
8	12
88	109
22	48
45	72
8	12
22	46
22	46
92	109
159	170
88	109
41	48
30	48
8	12
151	159
168	175
8	12
168	175
8	12
168	175
45	72
168	175
168	175
168	175
22	41
45	72
45	72
168	175
168	175
45	72
168	175
45	72
153	175
45	72
153	175
22	41
8	12
153	175
172	179
61	72
153	175
45	61
45	72
172	179
8	12
153	164
8	12
172	179
61	72
153	156
8	12
61	72
156	164
156	164
156	164
61	72
156	164
151	172
22	48
61	72
156	164
156	164
8	30
151	172
8	30
151	172
8	30
151	172
8	30
8	30
145	149
8	30
22	48
156	164
156	164
151	172
156	164
22	48
159	175
8	12
22	48
159	175
8	12
156	179
159	175
152	179
155	175
151	159
151	164
152	179
155	175
152	179
156	164
151	172
156	164
152	179
155	175
152	164
152	156
152	179
156	179
152	179
156	168
156	168
92	109
156	168
151	156
151	156
151	156
151	168
156	168
151	156
152	175
156	168
156	168
8	12
156	168
170	179
156	168
48	69
156	168
15	48
156	168
15	48
156	168
156	168
170	179
156	168
156	168
156	168
156	168
156	168
153	166
156	164
155	172
150	174
151	164
166	174
156	164
152	170
150	174
166	174
156	164
166	174
156	164
12	43
150	174
150	174
150	174
150	174
150	174
150	174
170	179
152	170
150	174
152	170
152	170
170	179
145	149
154	175
150	174
145	149
150	174
150	174
154	155
154	155
175	179
154	172
12	69
155	175
139	141
139	141
131	134
150	174
150	174
166	174
168	175
168	175
168	175
168	175
15	54
164	179
164	179
164	179
164	179
164	179
164	179
134	140
168	179
168	179
151	173
168	179
168	179
151	173
164	179
168	179
164	179
164	168
164	168
151	164
151	179
161	164
152	164
152	164
161	164
161	164
161	164
152	179
152	179
161	164
161	164
154	179
154	179
154	179
145	149
154	161
154	179
161	164
154	161
161	164
154	179
161	179
52	70
3	52
164	179
154	179
33	64
161	179
77	114
29	125
29	100
161	164
164	179
100	104
164	179
154	179
154	164
161	164
100	120
154	179
161	179
29	125
85	105
105	113
154	164
29	129
161	164
100	120
154	179
36	164
36	114
29	125
105	113
161	164
100	120
14	101
36	164
29	125
36	161
6	14
161	164
85	105
36	164
29	125
19	59
36	161
6	14
161	164
56	156
154	179
164	168
36	164
36	161
56	156
164	168
36	179
68	96
56	156
164	179
154	179
161	179
161	164
56	156
154	179
164	179
70	123
68	96
161	164
56	156
154	179
161	179
152	156
56	156
154	179
154	179
154	179
59	156
151	156
168	179
57	59
56	67
154	179
151	156
56	67
154	179
151	156
56	67
154	179
151	156
57	151
56	67
56	156
154	179
59	151
56	156
154	179
67	156
56	67
56	156
154	179
56	156
59	151
56	156
56	156
57	151
56	156
56	156
56	156
56	156
56	156
57	151
56	156
56	156
56	156
56	156
56	156
56	156
56	156
56	156
56	156
56	156
56	156
56	156
56	156
56	156
56	156
56	156
154	179
56	156
59	151
56	156
56	156
56	156
56	156
56	156
56	156
56	156
56	156
56	156
56	156
56	156
56	156
56	156
56	156
27	56
56	156
56	156
56	156
56	156
56	156
56	156
56	156
56	156
56	156
56	156
56	156
56	156
56	156
56	156
56	156
56	156
56	156
56	156
56	156
161	164
56	156
156	164
56	156
156	164
56	156
56	164
56	156
156	164
56	164
56	156
156	164
56	164
156	164
56	156
56	156
90	137
56	156
56	156
56	156
157	177
100	120
100	120
100	120
154	179
154	179
