56	68
161	166
165	180
19	64
18	161
89	139
151	165
56	64
139	146
19	56
26	54
18	166
165	180
35	54
56	64
56	68
161	166
64	168
64	68
151	165
19	56
1	48
18	166
19	64
18	161
120	123
50	66
19	68
68	168
50	66
161	166
56	168
18	161
35	54
24	75
150	174
64	168
151	165
8	62
120	122
18	166
68	168
31	63
150	175
64	168
24	75
150	174
159	174
64	68
18	161
120	123
156	164
40	179
174	175
19	179
18	166
100	128
162	173
24	75
150	165
26	35
161	166
8	30
64	168
64	68
40	179
19	179
18	166
150	159
120	122
68	168
156	164
18	161
19	59
150	174
35	54
64	176
31	63
159	174
1	12
24	75
68	168
63	66
168	176
161	166
8	30
64	168
64	68
19	152
19	179
18	166
150	159
120	122
150	165
154	165
50	63
26	71
156	164
19	59
120	123
159	165
31	63
68	176
50	66
159	174
156	175
1	12
24	75
26	62
63	66
173	174
161	166
8	30
64	168
19	179
18	166
120	122
68	168
18	161
156	164
19	59
120	123
154	173
68	176
62	63
165	180
1	12
35	54
50	61
26	62
161	166
8	30
31	61
26	63
61	63
19	179
18	166
120	122
150	165
26	71
156	164
19	59
159	175
120	123
24	75
8	46
63	71
22	61
101	103
150	165
19	179
161	166
8	30
1	12
152	179
26	63
24	75
120	122
18	68
63	71
120	123
156	164
101	103
120	122
150	165
64	76
26	62
31	61
8	30
1	12
156	164
50	66
24	75
19	59
63	71
120	123
18	68
47	61
161	166
46	50
161	169
150	165
161	166
166	169
8	30
1	12
156	164
24	75
120	122
26	62
47	61
120	123
63	71
95	105
156	178
161	169
62	63
64	76
2	35
165	180
166	169
19	57
161	166
1	12
156	164
24	75
19	59
120	123
19	52
168	176
62	63
64	76
165	180
1	12
24	75
89	139
54	62
19	40
46	50
161	166
19	57
19	52
169	174
156	164
19	59
120	123
139	146
2	35
40	52
50	66
63	71
54	63
40	59
164	169
1	12
24	75
89	139
26	62
126	130
19	57
8	30
19	52
169	174
156	169
61	63
96	101
156	164
120	123
139	146
19	59
40	52
50	66
26	61
96	103
40	59
100	128
62	63
165	180
1	12
24	75
26	62
156	161
19	57
8	30
19	52
26	63
104	120
156	164
120	123
19	59
2	35
40	52
164	167
50	66
126	130
95	115
161	166
2	35
165	180
153	166
8	30
1	12
156	164
24	75
19	59
47	62
50	66
166	174
120	123
100	120
120	122
59	57
165	166
19	57
8	30
164	166
156	164
24	75
19	59
50	66
150	165
47	61
156	166
123	126
94	104
164	166
24	75
89	139
19	57
8	30
19	52
96	106
100	120
156	164
47	61
12	97
113	127
139	146
12	116
161	164
62	63
24	75
30	63
58	130
38	50
8	30
100	120
150	164
164	165
65	73
50	66
156	166
94	125
50	54
100	120
30	50
150	165
62	63
1	12
164	165
8	69
47	61
156	166
150	164
24	75
26	54
100	120
26	35
94	121
1	12
156	164
24	75
105	126
164	165
166	174
52	57
150	164
19	57
26	54
43	72
100	120
119	126
113	118
150	164
31	62
1	12
24	75
8	69
50	66
156	166
62	119
26	35
165	174
24	75
150	165
150	164
31	62
19	57
35	54
164	165
50	66
62	119
26	35
164	165
150	165
150	164
1	12
43	61
35	54
24	75
8	69
63	71
26	35
19	57
164	165
164	180
104	128
19	57
1	12
35	54
24	75
50	66
63	71
22	69
26	35
38	63
43	72
150	165
19	57
1	12
35	54
24	75
8	69
50	66
22	69
38	63
8	69
150	165
1	12
43	72
24	75
24	75
90	147
1	12
35	54
38	71
8	69
63	71
26	35
19	57
43	62
90	147
19	57
1	12
24	75
8	69
8	69
1	12
90	147
24	75
8	69
19	57
26	38
90	147
8	69
19	57
8	69
105	113
12	35
90	147
8	69
105	113
90	147
8	69
24	75
1	12
26	38
8	69
1	12
26	38
1	12
24	75
132	147
24	75
24	75
58	123
89	139
1	12
26	54
31	61
26	54
24	75
1	12
24	75
8	69
1	12
24	75
8	69
24	75
8	69
24	75
8	69
24	75
8	69
1	12
22	69
24	75
1	12
1	12
22	69
22	69
2	22
24	75
50	66
24	75
2	22
24	75
24	75
24	75
24	75
50	66
8	69
2	22
8	69
24	75
8	69
12	35
24	75
12	35
50	66
8	69
12	35
24	75
12	35
22	69
24	75
12	35
50	66
24	75
8	69
166	174
1	12
24	75
2	22
24	75
2	22
24	75
166	174
24	75
2	22
24	75
24	75
24	75
24	75
2	22
2	22
24	75
24	75
24	75
24	75
101	103
24	75
24	75
1	12
1	12
1	12
2	22
24	75
24	75
2	22
12	35
24	75
100	120
12	35
24	75
100	120
2	22
24	75
24	75
50	66
8	69
50	66
24	75
50	66
50	66
24	75
22	69
24	75
22	69
24	75
8	69
50	66
50	66
50	66
24	75
50	66
164	180
2	22
8	69
24	75
24	75
8	69
8	69
24	75
24	75
24	75
24	75
24	75
24	75
24	75
2	22
2	22
22	69
2	22
116	130
24	75
24	75
116	130
116	130
2	22
12	35
116	130
12	35
2	22
24	75
24	75
2	22
12	35
24	75
26	38
24	75
3	52
97	103
3	52
97	103
97	103
58	123
8	69
26	38
8	69
99	103
24	75
116	130
24	75
97	103
2	22
101	103
8	69
7	30
8	69
22	69
24	75
8	69
24	75
2	22
101	103
8	69
3	52
22	69
2	22
8	69
22	69
3	52
24	75
118	128
3	52
118	128
26	54
50	66
2	22
26	54
2	22
26	54
22	69
8	69
31	61
26	54
8	69
24	75
22	69
24	75
22	69
24	75
22	69
24	75
24	75
8	69
19	57
96	106
81	140
96	106
1	12
8	69
50	66
1	12
24	75
67	68
1	12
6	67
22	69
26	54
1	12
24	75
22	69
6	36
55	67
1	12
22	69
24	75
1	12
19	57
6	67
55	67
24	75
6	67
19	57
1	12
24	75
19	57
6	67
24	75
85	94
19	57
6	67
22	69
24	75
19	57
22	69
24	75
24	75
19	57
1	12
8	69
19	36
19	57
24	75
8	69
19	57
24	75
20	94
19	57
24	75
24	75
8	69
19	57
164	180
24	75
6	20
24	75
6	19
6	20
24	75
6	20
24	75
19	20
24	75
6	20
24	75
24	75
24	75
24	75
24	75
1	12
24	75
6	20
8	69
6	20
8	69
6	20
24	75
8	69
8	69
24	75
8	69
19	57
26	54
19	57
24	75
19	57
24	75
6	19
55	67
20	57
24	75
50	66
50	66
50	66
24	75
153	178
50	66
24	75
50	66
164	174
50	66
50	66
24	75
50	66
50	66
50	66
24	75
50	66
50	66
22	69
50	66
22	69
50	66
166	174
22	69
50	66
166	174
50	66
166	174
50	66
166	174
50	66
50	66
50	66
24	75
50	66
63	71
22	69
50	66
63	71
2	22
50	66
50	66
50	66
1	12
50	66
1	12
24	75
50	66
1	12
24	75
12	35
30	47
1	12
24	75
50	66
30	47
12	35
1	12
50	66
1	12
50	66
8	69
50	66
50	66
50	66
50	66
12	35
1	12
8	69
50	66
166	174
24	75
8	69
50	66
22	69
50	66
22	69
50	66
8	69
50	66
26	38
50	66
50	66
50	66
22	69
8	69
50	66
22	69
50	66
50	66
50	66
50	66
50	66
166	174
50	66
50	66
50	66
50	66
50	66
50	66
50	66
50	66
50	66
2	22
50	66
50	66
50	66
50	66
50	66
50	66
50	66
6	68
166	174
50	66
6	68
166	174
50	66
6	20
1	12
50	66
166	174
6	68
6	68
50	66
6	20
20	68
6	68
50	66
50	66
20	68
6	68
166	174
6	20
1	12
6	68
50	66
166	174
6	20
6	68
166	174
50	66
50	66
166	174
50	66
50	66
24	75
20	68
50	66
6	20
6	68
20	68
50	66
26	54
20	68
50	66
6	20
6	68
50	66
50	66
6	68
22	69
63	71
50	66
6	68
8	69
6	68
50	66
8	69
50	66
166	174
50	66
166	174
50	66
166	174
26	54
50	66
26	54
50	66
26	54
50	66
12	35
50	66
50	66
50	66
50	66
50	66
166	174
50	66
166	174
153	171
50	66
166	174
1	12
50	66
20	68
20	68
50	66
166	174
39	68
67	68
20	68
50	66
166	174
67	68
50	66
166	174
39	68
6	68
50	66
39	68
67	68
50	66
166	174
39	68
67	68
6	39
7	30
50	66
166	174
39	68
67	68
6	67
39	67
20	67
50	66
67	68
50	66
20	67
50	66
2	47
20	67
50	66
20	68
6	68
2	47
67	68
12	35
20	67
50	66
6	68
39	68
2	47
6	20
12	35
50	66
166	174
39	68
2	47
67	68
12	35
50	66
166	174
39	68
20	39
6	20
12	35
20	67
50	66
166	174
67	68
12	35
50	66
166	174
39	68
67	68
50	66
12	35
20	39
50	66
20	67
2	47
50	66
22	69
39	68
2	47
20	67
20	68
50	66
39	68
20	39
6	20
12	35
6	39
50	66
166	174
39	68
12	35
50	66
39	68
6	20
67	68
50	66
67	68
39	68
50	66
67	68
12	35
50	66
8	69
50	66
20	67
3	52
20	67
8	69
50	66
22	69
3	52
8	69
1	12
50	66
22	69
8	69
50	66
22	69
8	69
50	66
22	69
8	69
50	66
22	69
50	66
22	69
50	66
20	67
8	69
50	66
22	69
8	69
50	66
20	67
22	69
8	69
50	66
20	67
22	69
87	144
166	174
22	69
85	121
50	66
93	132
85	121
153	167
50	66
153	161
164	166
166	174
1	12
153	161
150	166
81	90
81	87
1	12
150	164
166	174
150	166
1	12
132	138
2	81
81	97
6	49
101	103
6	18
48	75
87	90
1	12
6	18
150	174
88	109
12	35
1	12
132	138
88	92
153	161
6	20
87	96
12	35
96	147
50	66
48	125
164	167
26	38
81	132
47	125
96	149
96	97
153	161
96	97
26	38
1	12
154	175
96	103
153	161
8	47
88	109
161	169
76	169
87	149
64	95
48	103
61	88
154	175
43	72
161	169
18	166
64	95
153	169
154	159
153	161
132	147
138	147
61	69
164	175
157	177
43	72
161	169
48	109
64	95
1	12
4	60
8	12
4	167
26	61
153	169
60	167
164	175
132	138
153	161
161	169
48	109
30	96
26	62
1	12
46	96
132	138
30	81
26	61
153	169
56	169
64	76
164	175
153	161
159	179
154	180
161	169
35	61
64	76
154	164
71	125
19	165
132	138
12	26
31	71
63	96
154	175
48	88
26	35
96	97
153	161
1	26
164	179
154	159
19	165
1	12
132	138
87	132
153	161
43	72
150	166
30	69
132	138
8	69
150	174
166	174
164	175
35	63
64	76
30	69
87	147
154	159
132	138
166	174
64	70
176	180
169	175
164	175
173	176
8	30
64	76
12	63
26	48
4	60
76	176
64	176
164	175
161	169
12	63
153	169
1	12
12	43
64	176
8	93
64	76
4	60
156	179
43	63
97	99
87	147
4	167
88	92
43	71
8	93
64	76
30	69
87	147
4	60
164	175
48	69
8	93
38	93
64	76
30	69
87	147
164	175
8	93
160	179
64	76
87	147
30	69
38	90
88	92
4	167
153	169
173	179
30	48
87	147
30	69
153	169
4	60
4	167
60	167
160	173
64	76
30	48
87	147
30	69
153	169
48	69
72	147
30	72
90	140
26	50
72	149
64	76
72	87
87	147
132	138
153	169
147	149
87	149
87	138
87	149
153	169
132	138
88	90
63	71
153	169
4	167
60	167
30	48
153	169
8	30
38	90
48	54
132	147
38	88
4	167
8	30
30	69
38	147
153	169
26	50
8	69
132	147
43	50
38	87
4	167
26	50
30	69
8	30
153	169
132	138
43	50
26	43
26	50
93	132
153	169
132	138
26	43
26	54
8	93
61	72
132	149
132	138
4	167
26	43
26	54
8	93
132	149
132	138
43	50
147	149
8	93
132	149
132	138
138	147
30	38
147	149
48	66
8	93
30	69
38	147
61	72
4	167
26	75
8	93
132	138
8	93
30	43
8	93
61	71
50	54
8	93
38	50
48	66
8	93
38	50
86	89
156	165
8	93
38	50
132	138
61	62
132	147
50	75
54	61
8	93
54	61
50	75
1	12
54	61
43	69
50	75
48	66
1	12
43	69
8	43
38	63
54	61
1	12
43	72
43	72
38	63
54	61
31	61
165	180
50	66
165	180
54	61
54	61
54	61
54	61
164	173
54	61
165	173
153	169
81	140
153	169
153	169
1	12
1	12
153	169
153	169
43	72
153	169
1	63
153	169
165	180
153	169
153	169
165	180
153	169
165	180
153	169
161	169
153	169
153	169
165	180
38	63
153	169
165	180
153	169
153	169
153	169
153	169
153	169
81	133
71	72
8	69
81	133
165	180
81	133
81	133
81	133
165	180
81	133
165	180
1	12
165	180
8	69
1	12
1	12
1	12
8	69
81	133
1	12
165	180
1	12
165	180
43	72
1	12
81	133
1	71
1	12
165	180
8	69
1	12
1	12
81	133
8	69
165	180
1	12
43	72
31	61
43	72
43	72
8	69
43	72
153	169
8	69
81	133
26	35
26	35
50	66
31	61
31	61
31	61
161	169
31	61
8	69
43	72
8	69
18	68
153	169
31	61
153	169
153	161
161	169
153	169
153	161
161	169
153	169
153	161
161	169
153	169
71	72
161	169
161	169
161	169
153	169
153	161
161	169
153	169
153	161
153	169
31	61
31	61
166	174
161	169
78	111
161	169
153	169
166	174
92	109
88	92
166	176
153	161
88	109
169	176
161	169
31	61
93	132
153	169
153	176
161	176
153	161
161	169
153	169
88	109
152	176
152	176
152	176
71	72
93	140
71	72
43	72
38	63
43	72
87	142
38	63
87	142
38	63
138	142
87	142
87	142
87	142
31	61
8	69
87	142
38	63
87	142
31	61
170	176
87	147
31	61
87	142
170	176
87	147
153	169
38	63
153	169
170	176
12	71
153	169
87	132
153	169
31	61
19	57
87	132
38	63
12	71
43	72
87	142
43	72
31	61
31	61
43	72
31	61
151	170
151	170
38	63
31	61
151	170
38	63
43	72
31	61
71	72
153	161
31	61
153	169
153	161
153	169
161	169
31	61
153	161
161	169
153	169
43	72
31	61
38	63
153	169
151	172
38	63
153	169
161	169
38	63
38	63
132	147
168	176
31	61
151	170
165	170
151	170
153	161
165	170
132	147
151	170
165	170
172	180
151	170
153	161
165	170
153	161
151	170
153	161
151	172
151	170
165	170
138	147
161	169
153	172
161	169
68	96
153	172
138	147
151	170
138	147
38	63
31	61
153	172
161	169
138	147
161	169
68	96
138	147
161	169
68	96
153	172
87	142
161	169
153	165
153	172
161	169
153	172
161	169
161	169
87	142
161	169
161	169
87	142
161	169
1	38
43	72
87	142
161	169
87	142
161	169
161	169
161	169
30	48
161	169
31	61
161	169
31	61
38	63
161	169
161	169
38	63
161	169
71	72
50	66
161	169
161	169
161	169
38	63
161	169
38	63
161	169
161	169
161	169
161	169
8	69
161	169
38	63
8	69
161	169
8	69
161	169
38	63
151	170
38	63
161	169
8	69
38	63
161	169
31	61
151	170
38	63
161	169
161	169
151	170
161	169
161	169
161	169
161	169
161	169
161	169
161	169
161	169
161	169
31	61
161	169
54	61
161	169
1	38
165	180
161	169
38	63
161	169
165	180
161	169
38	63
71	72
38	63
161	169
38	63
161	169
38	63
161	169
71	72
38	63
161	169
165	180
38	63
161	169
38	63
161	169
38	63
161	169
165	180
38	63
161	169
87	142
38	63
161	169
87	142
38	63
161	169
87	142
38	63
161	169
87	142
38	63
161	169
165	180
38	63
31	61
161	169
161	169
54	61
54	61
31	61
38	63
161	169
161	169
161	169
161	169
161	169
161	169
161	169
38	63
38	63
161	169
161	169
161	169
38	63
161	169
87	142
161	169
38	63
161	169
161	169
161	169
19	57
161	169
8	69
161	169
54	61
31	61
30	48
161	169
31	61
161	169
161	169
87	142
161	169
12	43
87	142
161	169
161	169
66	69
1	12
43	72
161	169
1	12
8	69
161	169
1	12
161	169
1	12
161	169
1	12
8	69
153	169
161	169
1	38
1	12
8	69
170	180
161	169
1	12
87	142
170	180
161	169
1	12
161	169
1	12
19	56
161	169
161	169
31	61
87	142
161	169
1	12
142	149
31	61
161	169
165	174
87	149
161	169
161	169
87	149
161	169
153	169
87	149
87	142
161	169
153	169
161	169
8	69
161	169
169	174
161	169
164	169
161	169
161	169
153	169
161	169
161	169
153	169
161	169
161	169
153	169
38	63
54	61
161	169
100	120
38	63
161	169
87	142
161	169
87	142
161	169
54	61
38	63
169	174
38	63
54	61
87	142
38	63
161	169
54	61
164	169
54	61
164	169
38	63
54	61
1	12
50	66
38	63
54	61
50	66
30	48
161	169
54	61
1	12
43	72
161	169
1	38
30	48
1	12
31	61
43	71
1	63
54	61
43	63
161	169
61	71
164	169
38	63
161	169
61	72
161	169
61	72
30	62
161	169
61	72
30	31
161	169
61	72
161	169
46	48
161	169
161	169
86	133
43	72
161	169
86	133
8	12
43	61
30	31
8	125
161	169
86	133
2	22
161	169
161	169
46	48
161	169
43	72
161	169
161	169
1	12
38	69
48	54
161	169
1	12
161	169
161	169
161	169
153	172
161	169
151	170
161	169
161	169
153	169
161	169
153	169
161	169
153	169
161	169
153	169
161	169
161	169
161	169
38	48
161	169
153	169
161	169
38	48
161	169
153	169
38	48
62	173
161	169
38	48
161	169
161	169
161	169
161	169
161	169
161	169
161	169
161	169
161	169
161	169
8	22
153	172
153	172
153	172
153	172
153	172
156	164
161	169
164	174
161	169
161	169
161	169
169	174
169	174
161	169
161	169
169	174
169	174
161	169
161	169
161	169
169	174
161	169
169	174
161	169
169	174
161	169
169	174
161	169
169	174
161	169
169	174
161	169
169	174
165	180
156	165
169	174
169	174
161	169
169	174
161	169
153	165
169	174
161	169
164	180
169	174
161	169
161	169
169	174
161	169
164	180
164	180
169	174
164	180
153	172
169	174
7	22
165	180
161	169
165	180
161	169
165	180
161	169
161	169
161	169
161	169
161	169
165	180
161	169
161	169
161	169
153	172
169	174
169	174
161	169
161	169
153	172
161	169
161	169
169	174
161	169
161	169
164	165
161	169
164	165
169	174
1	12
153	172
153	172
161	169
169	174
169	174
161	169
169	174
165	174
169	174
156	165
153	165
169	174
169	174
169	174
161	169
161	169
161	169
169	174
161	169
169	174
161	169
169	174
161	169
169	174
161	169
169	174
161	169
153	172
165	180
161	169
161	169
169	174
161	169
169	174
161	169
169	174
7	22
8	22
161	169
8	22
161	169
169	174
161	169
169	174
161	169
169	174
169	174
161	169
169	174
161	169
161	169
161	169
161	169
153	161
169	170
153	169
169	172
153	169
165	180
165	180
169	172
153	169
153	169
165	180
153	169
2	38
165	174
8	22
165	180
1	12
1	12
1	12
1	12
1	12
87	142
87	142
