154	165
155	168
1	153
1	153
19	59
19	59
19	59
56	59
8	12
1	46
1	46
56	59
1	46
56	59
52	59
19	56
1	46
56	59
1	12
1	46
56	59
19	56
1	46
56	59
1	46
1	46
30	38
1	46
1	46
161	175
38	63
1	46
38	63
30	41
100	120
5	120
5	100
100	120
1	46
135	137
80	137
6	14
164	180
1	46
135	137
80	137
6	14
157	177
1	46
135	137
135	137
164	180
63	71
1	46
8	12
164	180
1	46
155	161
8	12
164	180
147	148
50	66
50	66
81	120
164	180
66	74
156	179
81	120
8	12
81	90
80	90
8	12
156	179
160	162
80	90
1	46
91	136
66	74
80	90
8	12
156	179
156	178
164	180
66	74
80	90
30	38
164	180
66	74
156	179
16	33
30	38
8	12
164	180
66	74
1	46
53	48
66	74
8	12
170	176
66	74
160	162
53	48
1	46
8	12
160	162
53	48
66	74
160	162
53	48
100	120
160	162
25	30
160	162
53	48
1	46
160	162
53	48
11	60
53	48
47	48
63	71
160	162
154	175
160	162
53	48
154	175
160	162
154	175
160	162
154	175
160	162
154	175
160	162
38	53
22	42
154	175
160	162
22	42
154	175
160	162
154	175
8	12
160	162
156	179
154	175
160	162
8	12
154	175
8	12
8	12
8	12
1	46
25	30
8	12
25	30
1	46
8	12
160	162
154	175
8	12
160	162
154	175
8	12
160	162
8	12
11	60
154	175
160	162
45	62
160	162
154	175
160	162
154	175
154	175
160	162
156	179
154	175
160	162
154	175
11	60
26	72
154	175
164	180
11	60
154	175
22	42
154	175
160	162
154	175
160	162
154	175
154	175
154	175
11	60
156	179
156	179
154	175
160	162
156	179
154	175
154	175
164	180
160	162
156	179
154	175
154	175
164	180
154	175
155	161
26	72
155	166
155	161
160	162
156	179
154	175
155	161
154	175
156	179
160	162
155	161
154	175
26	72
164	180
155	161
156	179
154	175
155	161
26	72
160	162
154	175
155	161
155	161
155	161
8	12
155	161
8	12
155	161
8	12
11	60
155	161
8	12
11	60
155	161
8	12
159	175
155	161
8	12
63	71
157	175
154	175
155	161
8	12
154	175
155	161
8	12
156	179
155	161
11	60
8	12
156	179
154	175
11	60
155	161
8	12
154	175
155	161
8	12
154	175
1	46
155	161
8	12
159	175
154	175
155	161
154	175
159	175
155	161
159	175
154	175
155	161
154	175
1	46
159	175
1	46
155	161
8	12
154	175
11	60
25	30
155	161
159	175
154	175
11	60
25	30
155	161
159	175
154	175
1	46
11	60
25	30
155	161
159	175
154	175
1	46
11	60
25	30
155	161
159	175
1	46
1	46
25	30
155	161
8	12
159	175
155	161
11	60
159	175
25	30
25	30
155	161
8	12
11	60
25	30
155	161
159	175
25	30
155	161
160	162
159	175
11	60
25	30
155	161
160	162
155	161
8	12
1	46
155	161
8	12
154	175
85	123
1	46
155	161
8	12
154	175
155	161
154	175
159	175
155	161
154	175
155	161
8	12
154	175
155	161
8	12
154	175
159	175
155	161
159	175
154	175
157	159
155	161
154	175
159	175
155	161
154	175
160	162
159	175
81	140
11	60
47	71
155	161
159	175
154	175
157	159
155	161
1	46
159	175
154	175
155	161
154	175
1	46
159	175
155	161
154	175
25	30
1	46
45	62
155	161
63	71
160	162
154	175
155	161
25	30
63	71
154	175
25	30
155	161
63	71
160	162
154	175
11	60
25	30
155	161
8	12
63	71
154	175
155	161
8	12
25	30
154	175
25	30
155	161
8	12
63	71
160	162
154	175
45	62
25	30
155	161
8	12
160	162
154	175
155	161
8	12
25	30
154	175
47	71
25	30
155	161
8	12
154	175
155	161
8	12
25	30
154	175
155	161
8	12
25	30
11	60
155	161
7	31
155	161
8	12
155	161
8	12
25	30
155	161
8	12
50	48
25	30
155	161
8	12
63	71
155	161
8	12
47	71
50	48
7	31
155	161
8	12
154	175
22	42
155	161
8	12
159	175
155	161
8	12
154	175
154	175
8	12
159	175
155	161
8	12
159	175
154	175
11	60
155	161
8	12
159	175
154	175
155	161
154	175
11	60
159	175
155	161
154	175
11	60
45	62
155	161
154	175
159	175
154	175
159	175
154	175
159	175
154	175
25	30
11	60
159	175
11	60
25	30
8	12
154	175
25	30
8	12
159	175
154	175
25	30
155	161
8	12
154	175
155	161
154	175
155	161
154	175
8	12
25	30
155	161
8	12
154	175
25	30
155	161
8	12
154	175
155	161
25	30
154	175
155	161
154	175
1	12
11	60
155	161
154	175
66	74
11	60
66	74
155	161
154	175
155	161
8	12
11	60
154	175
155	161
154	175
155	161
154	175
155	161
154	175
155	161
160	162
155	161
11	60
11	60
99	103
155	161
8	12
155	161
99	103
99	103
155	161
154	175
155	161
11	60
8	12
154	175
155	161
154	175
8	12
11	60
155	161
8	12
154	175
11	60
155	161
8	12
154	175
155	161
154	175
155	161
25	30
155	161
154	175
155	161
154	175
155	161
154	175
50	48
155	161
154	175
11	60
159	175
7	31
30	74
155	161
159	175
154	175
30	74
155	161
99	103
154	175
155	161
154	175
7	31
7	31
11	60
155	161
159	175
154	175
155	161
159	175
154	175
155	161
154	175
159	175
155	161
154	175
159	175
155	161
154	175
96	97
159	175
155	161
8	12
96	97
154	175
7	31
94	127
155	161
8	12
160	162
159	175
154	175
11	60
155	161
8	12
160	162
159	175
154	175
164	170
45	62
155	161
8	12
126	130
63	71
154	175
155	161
8	12
45	62
154	175
15	61
155	161
45	62
154	175
11	60
155	161
8	12
154	175
101	103
45	62
155	161
8	12
45	62
154	175
101	103
95	101
155	161
8	12
160	162
156	179
154	175
155	161
154	175
156	179
8	12
95	101
25	30
155	161
8	12
154	175
155	161
8	12
154	175
11	60
95	101
155	161
8	12
154	175
101	103
155	161
101	103
95	101
155	161
95	101
101	103
11	60
95	101
155	161
8	12
154	175
11	60
95	101
155	161
8	12
154	175
101	103
11	60
155	161
8	12
95	101
154	175
101	103
155	161
95	101
8	12
154	175
156	179
11	60
94	104
95	101
155	161
8	12
159	175
156	179
154	175
155	161
8	12
11	60
159	175
154	175
155	161
95	101
159	175
154	175
155	161
95	101
11	60
154	175
100	120
95	101
155	161
11	60
154	175
100	120
104	120
155	161
159	175
154	175
95	101
155	161
160	162
159	175
154	175
101	120
155	161
154	175
112	120
95	104
104	107
155	161
154	175
11	60
155	161
95	101
11	60
154	175
155	161
154	175
112	120
11	60
159	175
155	161
154	175
112	120
11	60
155	161
8	12
63	71
112	120
154	175
155	161
112	120
63	71
154	175
155	161
50	66
63	71
11	60
11	60
155	161
50	66
63	71
159	175
154	175
104	115
112	120
11	60
155	161
160	162
154	175
1	46
155	161
112	120
11	60
8	12
154	175
11	60
155	161
8	12
154	175
96	97
45	62
155	161
154	175
112	120
96	97
11	60
112	120
11	60
155	161
8	12
154	175
96	97
1	46
155	161
112	120
1	46
95	101
15	61
8	12
154	175
96	97
112	120
11	60
155	161
8	12
50	66
154	175
1	46
155	161
154	175
112	120
11	60
1	46
155	161
112	120
11	60
154	175
1	46
155	161
154	175
112	120
1	46
155	161
11	60
112	120
160	162
1	46
155	161
154	175
112	120
1	46
15	61
155	161
1	46
154	175
15	61
155	161
160	173
1	46
154	175
155	161
112	120
15	61
47	61
159	175
154	175
155	161
154	175
112	120
160	162
1	46
155	161
154	175
112	120
1	46
155	161
112	120
11	60
154	175
155	161
112	120
11	60
154	175
155	161
154	175
112	120
11	60
1	46
11	60
155	161
160	162
154	175
1	46
155	161
1	46
154	175
160	162
15	61
112	120
1	46
47	71
155	161
159	175
154	175
154	175
112	120
11	60
156	179
155	161
159	175
95	101
1	46
112	120
1	46
95	101
155	161
160	162
159	175
154	175
11	60
11	60
15	61
155	161
160	162
154	175
11	60
15	61
25	30
155	161
8	12
63	71
160	162
154	175
155	161
112	120
11	60
25	30
15	61
8	12
160	162
159	175
95	101
7	31
155	161
11	60
25	30
15	61
8	12
63	71
160	162
159	175
154	175
15	61
112	120
11	60
25	30
155	161
8	12
160	162
159	175
154	175
155	161
112	120
11	60
25	30
15	61
8	12
160	162
154	175
155	161
112	120
11	60
95	101
25	30
15	61
8	12
155	161
112	120
11	60
25	30
15	61
8	12
160	162
159	175
112	120
11	60
25	30
155	161
8	12
160	162
112	120
11	60
155	161
160	162
159	175
154	175
112	120
11	60
95	101
155	161
8	12
160	162
159	175
154	175
112	120
11	60
95	101
155	161
8	12
160	162
45	62
155	161
11	60
95	101
15	61
8	12
154	175
155	161
11	60
15	61
8	12
160	162
154	175
96	97
11	60
95	101
25	30
155	161
63	71
154	175
11	60
95	101
155	161
8	12
63	71
160	162
159	175
154	175
47	61
155	161
11	60
15	61
8	12
63	71
47	61
11	60
25	30
155	161
160	162
154	175
155	161
157	159
160	162
11	60
155	161
8	12
160	162
154	175
11	60
155	161
8	12
63	71
154	175
112	120
11	60
155	161
63	71
160	162
154	175
155	161
112	120
160	162
11	60
15	61
155	161
112	120
160	162
155	161
112	120
15	61
160	162
112	120
11	60
95	101
155	161
160	162
154	175
155	161
112	120
11	60
15	61
160	162
154	175
155	161
112	120
11	60
15	61
160	162
159	175
154	175
112	120
155	161
8	12
160	162
112	120
155	161
63	71
160	162
154	175
155	161
112	120
11	60
15	61
63	71
160	162
154	175
112	120
11	60
155	161
63	71
160	162
154	175
112	120
11	60
155	161
160	162
155	161
112	120
11	60
25	30
15	61
63	71
160	162
96	97
112	120
11	60
25	30
155	161
160	162
154	175
112	120
11	60
25	30
155	161
160	162
112	120
11	60
25	30
155	161
160	162
155	161
112	120
11	60
25	30
15	61
63	71
154	175
155	161
112	120
11	60
25	30
15	61
63	71
154	175
155	161
112	120
11	60
15	61
160	162
159	175
156	179
154	175
155	161
112	120
11	60
15	61
160	162
156	179
154	175
112	120
11	60
25	30
155	161
160	162
154	175
155	161
112	120
11	60
25	30
15	61
160	162
154	175
11	60
25	30
155	161
160	162
154	175
11	60
25	30
155	161
160	162
154	175
155	161
154	175
160	162
159	175
45	62
155	161
160	162
154	175
11	60
11	60
155	161
160	162
154	175
96	97
1	46
45	62
25	30
155	161
11	60
155	161
11	60
25	30
11	60
25	30
66	74
155	161
96	97
1	46
1	46
25	30
11	60
155	161
160	162
11	60
25	30
155	161
160	162
154	175
1	46
11	60
155	161
8	12
1	46
154	175
160	162
112	120
1	46
11	60
155	161
8	12
154	175
160	162
11	60
155	161
8	12
154	175
1	46
155	161
154	175
11	60
160	162
1	46
25	30
155	161
63	71
154	175
47	61
11	60
25	30
155	161
8	12
47	61
160	162
154	175
63	71
1	46
112	120
1	46
25	30
155	161
47	61
160	162
154	175
63	71
1	46
155	161
47	61
154	175
160	162
155	161
47	61
1	12
160	162
154	175
11	60
155	161
47	61
159	175
160	162
155	161
154	175
47	61
160	162
11	60
155	161
47	61
154	175
160	162
155	161
154	175
47	71
160	162
155	161
154	175
1	46
1	12
155	161
154	175
104	107
11	60
47	71
155	161
160	162
154	175
1	46
112	120
1	46
25	30
155	161
8	12
160	162
154	175
1	46
95	101
155	161
8	12
160	162
159	175
154	175
1	46
155	161
8	12
63	71
160	162
159	175
154	175
1	46
95	101
11	60
155	161
160	162
11	60
95	101
47	71
15	61
160	162
11	60
95	101
47	61
160	162
159	175
1	46
154	175
160	162
1	46
95	101
160	162
154	175
157	159
160	162
95	101
112	120
160	162
11	60
160	162
154	175
47	61
154	175
160	162
112	120
160	162
11	60
154	175
112	120
160	162
11	60
15	61
160	162
11	60
160	162
8	12
8	12
154	175
8	12
11	60
160	162
112	120
25	30
15	61
8	12
160	162
154	175
154	175
95	101
11	60
8	12
15	61
8	12
160	162
11	60
8	12
11	60
159	175
95	101
154	175
160	162
95	101
154	175
95	101
1	12
159	175
95	101
11	60
1	12
8	12
50	66
159	175
11	60
95	101
15	61
8	12
159	175
154	175
112	120
11	60
95	101
1	12
15	61
159	175
154	175
15	61
154	175
112	120
1	12
159	175
154	175
1	12
11	60
159	175
15	61
95	101
11	60
159	175
154	175
154	175
11	60
159	175
11	60
95	101
15	61
47	61
160	162
159	175
154	175
154	175
159	175
154	175
160	162
156	179
154	175
11	60
160	162
154	175
8	12
47	61
15	47
15	61
154	175
160	162
11	60
160	162
160	162
11	60
154	175
95	101
154	175
95	101
159	175
154	175
95	101
154	175
15	61
154	175
159	175
156	179
154	175
159	175
95	101
154	175
160	162
159	175
155	161
154	175
1	46
159	175
8	12
63	71
159	175
154	175
159	175
95	101
112	120
159	175
154	175
154	175
11	60
160	162
154	175
159	175
95	101
154	175
95	101
160	162
173	177
156	179
11	60
95	101
160	162
159	175
154	175
154	159
112	120
158	165
1	12
157	162
160	162
159	175
154	175
164	175
159	164
11	60
158	165
160	162
159	175
27	159
27	175
154	159
15	61
154	175
27	159
154	159
150	165
11	60
27	175
18	76
154	27
154	175
154	159
150	165
154	27
33	73
27	175
50	48
1	12
18	76
159	175
68	73
154	175
11	33
1	46
155	161
154	159
150	165
112	120
11	60
27	175
15	61
97	104
33	60
18	76
154	27
154	175
153	155
153	176
11	33
1	46
27	159
45	62
27	175
1	12
159	175
18	76
154	27
154	175
104	122
27	159
150	165
1	46
1	12
27	175
12	46
22	46
63	71
18	76
159	175
154	175
26	72
20	73
154	27
11	60
53	61
154	27
154	175
165	173
27	175
87	90
1	22
41	54
153	27
15	53
150	173
8	22
47	61
159	175
97	104
1	46
33	95
53	63
18	76
153	175
154	159
159	175
61	71
154	27
154	175
165	173
30	54
150	173
27	175
53	61
54	61
18	76
53	48
95	155
25	41
25	54
47	61
104	126
97	104
41	61
25	30
46	75
30	41
111	147
154	159
22	46
163	165
154	27
154	175
27	175
104	116
152	158
18	166
53	48
33	76
76	166
97	104
47	61
159	175
25	63
46	72
25	30
18	76
163	173
154	159
76	157
97	116
66	74
163	165
18	33
154	27
154	175
60	167
165	173
15	72
27	175
18	166
33	76
76	166
159	175
33	166
25	30
15	71
63	71
18	76
163	173
76	157
66	74
163	165
18	33
6	122
154	27
154	175
60	167
20	73
27	175
18	166
150	173
33	76
76	166
33	157
157	166
97	104
33	166
63	103
25	30
18	76
163	173
18	157
50	74
103	104
76	157
66	74
97	103
18	33
154	27
154	175
27	175
48	104
18	166
27	159
150	173
33	76
76	166
33	157
97	104
33	166
63	71
18	76
48	97
163	173
50	74
103	104
7	15
66	74
150	163
97	103
163	165
18	157
154	27
154	175
71	104
27	175
33	157
18	166
27	159
150	173
33	76
76	166
47	61
63	104
48	63
48	71
97	104
63	71
18	76
163	173
103	104
76	157
97	103
163	165
18	33
27	175
18	166
27	159
150	173
95	155
33	76
76	166
47	61
159	175
48	63
48	71
97	104
15	50
33	166
63	71
18	76
163	173
103	104
15	63
97	103
163	165
18	33
154	175
165	173
27	175
18	166
33	76
76	166
159	175
15	109
97	104
33	166
15	71
63	71
18	76
163	173
103	104
15	63
31	72
97	103
163	165
18	33
154	27
154	175
27	175
33	166
150	173
33	76
76	166
41	53
159	175
97	104
157	176
64	95
15	71
18	76
163	173
103	104
157	176
18	33
154	27
154	175
20	73
27	175
27	159
150	173
33	76
41	53
47	61
159	175
97	104
97	103
15	71
18	76
163	173
103	104
88	109
103	104
27	159
97	104
50	66
157	176
15	63
33	76
66	74
25	30
97	103
163	165
47	61
18	76
154	27
154	175
166	176
27	175
61	88
97	104
76	176
154	27
157	176
27	175
33	76
25	30
65	73
97	103
163	165
18	33
18	76
159	175
154	175
88	109
166	176
103	104
94	102
18	176
66	74
97	103
18	33
154	175
168	176
27	175
33	176
27	159
20	65
33	76
76	176
97	104
159	175
65	73
25	30
18	76
163	173
103	104
88	109
94	104
15	63
66	74
116	130
163	165
18	33
154	27
168	176
94	97
27	175
39	41
18	76
27	159
33	76
102	104
65	73
159	175
153	157
94	102
163	173
88	109
94	104
66	74
88	92
18	33
154	27
71	128
154	175
168	176
15	128
27	175
94	102
33	76
102	104
153	157
97	104
63	128
63	71
18	76
163	173
87	132
88	109
90	141
94	104
66	74
163	165
18	33
154	27
71	128
154	175
168	176
27	175
72	128
27	159
95	155
33	76
102	104
47	61
63	71
18	76
163	173
87	132
88	109
94	104
66	74
18	33
154	27
1	115
154	175
168	176
27	175
27	159
95	155
33	76
41	53
159	175
65	73
15	71
18	76
157	168
88	109
27	159
150	165
11	61
27	175
33	76
66	74
15	71
41	53
47	61
18	76
154	27
36	64
1	115
168	176
11	47
88	109
27	159
20	73
53	54
27	175
33	76
66	74
15	71
41	53
64	95
41	54
154	27
1	115
154	175
168	176
88	109
87	132
95	155
18	76
66	74
18	33
154	27
154	175
168	176
27	175
11	167
41	54
18	76
33	76
87	147
80	90
41	53
7	8
111	140
88	109
66	74
154	27
154	175
168	176
27	175
11	167
41	54
36	64
33	76
87	147
41	53
159	175
48	71
53	54
15	48
38	63
25	30
15	71
50	66
18	76
88	109
38	72
15	63
66	74
154	27
154	175
168	176
132	147
27	175
11	167
41	54
33	76
159	175
48	63
48	71
15	48
25	30
15	71
63	71
18	76
88	109
38	72
15	63
66	74
132	138
154	27
154	175
168	176
36	155
27	175
132	147
36	64
48	63
48	71
15	48
25	30
15	71
63	71
18	76
103	104
88	109
48	63
136	137
15	48
38	72
15	63
66	74
25	30
63	71
18	76
154	27
159	175
88	109
154	175
168	176
15	71
27	175
90	136
36	95
158	165
15	48
15	63
88	92
11	167
66	74
25	30
63	71
18	76
154	27
154	175
36	64
168	176
48	63
27	175
15	63
66	74
154	27
154	175
165	176
27	175
36	64
18	153
54	136
157	173
97	104
159	175
120	123
11	57
48	63
65	73
33	153
15	48
25	30
15	71
63	71
18	76
88	92
88	109
153	166
66	74
132	138
8	87
154	27
154	175
168	176
15	71
27	175
41	66
36	64
18	153
54	63
158	165
31	72
159	175
48	63
48	71
53	54
33	153
15	48
63	71
18	76
153	166
66	74
41	50
154	175
1	115
168	176
27	175
41	66
41	74
36	64
18	153
150	165
95	155
97	104
47	61
159	175
65	73
33	153
15	48
50	66
63	71
18	76
153	166
15	63
66	74
41	50
92	109
154	27
154	175
168	176
27	175
41	66
18	153
18	166
33	76
76	166
120	123
48	63
48	71
65	73
53	54
33	153
15	71
18	76
153	166
76	153
66	74
18	33
92	109
168	176
15	71
27	175
41	66
41	74
18	153
18	166
150	165
112	120
33	76
76	166
48	63
15	48
18	76
153	166
15	63
12	46
66	74
92	109
154	27
154	175
168	176
27	175
41	66
41	74
150	165
76	153
33	76
76	166
47	61
48	63
48	71
15	48
15	71
18	76
153	166
90	138
12	46
66	74
18	33
92	109
154	27
154	175
168	176
58	120
174	180
27	175
132	147
41	66
36	64
18	153
150	165
76	153
33	76
87	147
76	166
47	61
120	123
48	63
48	71
97	104
11	60
90	147
25	30
63	71
18	76
88	109
153	166
15	63
76	153
66	74
116	130
18	33
154	27
154	175
168	176
163	170
27	175
132	147
41	74
57	3
18	166
33	76
120	123
57	59
48	63
48	71
97	104
90	147
90	142
15	48
25	30
63	71
18	76
103	104
153	166
15	63
76	153
66	74
18	33
154	27
154	175
168	176
174	180
36	155
27	175
132	147
48	71
41	66
41	74
36	64
18	153
33	76
87	147
47	61
48	63
33	153
64	95
25	30
63	71
18	76
153	166
15	63
120	123
76	153
66	74
18	33
154	175
168	176
36	155
41	66
41	74
36	64
36	95
150	165
158	165
33	76
87	147
76	166
47	61
150	175
48	71
53	54
15	48
63	71
18	76
88	109
87	142
90	141
26	53
153	166
15	63
150	175
76	153
66	74
8	25
154	175
168	176
141	147
8	30
41	66
18	166
33	76
87	147
47	61
159	175
120	123
48	63
48	71
53	54
90	147
15	48
155	176
25	30
15	71
63	71
18	76
8	30
115	116
15	63
12	46
66	74
8	25
168	176
157	177
174	180
87	90
41	66
41	74
47	61
159	175
48	63
48	71
165	175
153	178
15	48
25	30
63	71
11	167
120	123
12	46
66	74
116	130
8	25
58	120
48	72
8	30
41	66
41	74
157	160
157	159
47	61
159	175
170	176
12	46
116	130
166	174
154	164
58	120
15	72
8	30
11	167
41	66
157	160
157	159
12	63
63	75
47	61
156	179
48	63
97	104
15	48
8	25
18	76
11	167
12	46
66	74
116	130
8	25
26	109
97	104
168	176
41	63
8	30
12	63
41	48
24	41
86	111
46	72
15	48
54	63
66	74
164	180
54	74
8	30
25	30
41	72
116	130
8	25
47	61
159	175
50	48
168	176
50	74
164	180
95	101
116	130
159	175
154	175
168	176
50	48
41	72
116	130
126	130
63	71
159	175
168	176
25	30
126	130
66	74
159	175
8	62
168	176
116	130
66	74
1	46
95	101
33	76
25	30
116	130
126	130
47	61
159	175
8	62
163	170
120	123
66	74
116	130
15	61
8	12
50	66
126	130
159	175
25	30
168	176
26	72
116	130
15	61
126	130
47	61
104	115
159	175
154	175
168	176
38	53
164	180
1	12
25	30
116	130
15	61
58	120
154	175
168	176
38	53
15	61
1	12
25	30
116	130
159	175
156	179
154	175
38	53
101	103
1	46
95	101
1	12
25	30
116	130
15	61
8	12
95	104
159	175
154	175
168	176
58	120
1	46
95	101
101	104
1	12
25	30
116	130
15	61
8	12
95	104
159	175
154	175
1	46
8	12
116	130
15	61
116	126
159	175
101	104
154	175
168	176
1	46
8	12
47	71
1	12
116	130
80	91
95	104
159	175
101	104
154	175
103	104
95	101
100	128
25	30
63	71
101	104
159	175
154	175
168	176
95	101
1	12
25	30
116	130
15	61
8	12
159	175
101	104
154	175
168	176
58	120
112	120
120	123
1	12
15	61
8	12
95	104
159	175
101	104
154	175
112	120
95	101
1	12
15	61
8	12
159	175
154	175
96	97
95	101
15	61
8	12
47	61
154	175
15	61
8	12
112	120
154	175
156	179
15	61
156	179
159	175
154	175
95	101
15	61
8	12
159	175
156	179
95	101
1	12
15	61
159	175
154	175
1	12
15	61
63	75
159	175
154	175
58	130
15	61
8	12
159	175
154	175
58	130
1	12
8	12
159	175
156	179
154	175
95	101
1	12
155	161
41	48
159	175
156	179
154	175
95	101
155	161
41	48
159	175
156	179
155	161
95	101
112	120
159	175
157	159
95	101
1	12
155	161
159	175
156	179
38	53
157	159
155	161
159	175
156	179
154	175
38	53
157	159
58	130
155	161
156	179
154	175
38	53
155	161
15	61
154	175
155	161
154	175
81	140
112	120
157	159
95	101
112	120
155	161
154	175
112	120
95	101
155	161
159	175
154	175
155	161
95	101
58	130
159	175
154	175
155	161
95	101
41	48
155	161
154	175
156	179
155	161
95	101
58	130
154	175
155	161
95	101
155	161
154	175
159	175
155	161
95	101
159	175
155	161
95	101
58	130
159	175
155	161
154	175
159	175
155	161
154	175
159	175
155	161
95	101
159	175
154	175
157	159
95	101
155	161
159	175
154	175
38	53
157	159
95	101
155	161
159	175
154	175
38	53
155	161
38	53
159	175
50	48
95	101
155	161
63	75
159	175
50	48
154	175
38	53
155	161
95	101
159	175
38	53
11	60
95	101
155	161
159	175
38	53
155	161
11	60
95	101
159	175
38	53
11	60
95	101
155	161
159	175
38	53
11	60
47	71
155	161
159	175
38	53
155	161
11	60
95	101
47	71
159	175
154	175
11	60
95	101
1	12
155	161
159	175
154	175
38	53
155	161
11	60
95	101
159	175
156	179
154	175
38	53
11	60
95	101
1	12
155	161
8	12
156	179
155	161
11	60
1	12
159	175
156	179
155	161
112	120
11	60
15	61
159	175
156	179
38	53
157	159
155	161
11	60
15	61
159	175
38	53
157	159
15	61
112	120
11	60
95	101
155	161
159	175
155	161
58	120
112	120
11	60
95	101
15	61
159	175
58	120
58	130
11	60
95	101
155	161
159	175
38	53
15	61
58	120
58	130
11	60
95	101
1	12
155	161
159	175
154	175
38	53
58	120
58	130
11	60
95	101
1	12
155	161
159	175
154	175
11	60
95	101
162	173
155	161
159	175
154	175
38	53
112	120
11	60
95	101
155	161
159	175
156	179
58	130
11	60
95	101
1	12
155	161
159	175
156	179
68	76
11	60
1	12
155	161
159	175
156	179
155	161
11	60
95	101
1	12
159	175
156	179
96	97
155	161
11	60
95	101
1	12
159	175
156	179
154	175
11	60
1	12
155	161
159	175
156	179
154	175
155	161
95	101
11	60
156	179
11	60
95	101
155	161
156	179
154	175
58	130
11	60
95	101
155	161
159	175
156	179
154	175
96	97
155	161
11	60
95	101
15	61
159	175
156	179
154	175
166	176
155	161
164	180
58	130
11	60
95	101
15	61
159	175
156	179
154	175
58	130
11	60
95	101
155	161
156	179
154	175
164	180
58	130
11	60
95	101
155	161
159	175
156	179
154	175
58	130
11	60
95	101
155	161
159	175
156	179
154	175
11	60
95	101
155	161
159	175
156	179
154	175
155	161
95	101
11	60
159	175
156	179
58	130
11	60
95	101
155	161
159	175
156	179
154	175
96	97
11	60
95	101
155	161
156	179
154	175
96	97
38	53
155	161
11	60
95	101
15	61
159	175
156	179
154	175
58	130
11	60
95	101
1	12
155	161
159	175
156	179
154	175
96	97
58	130
11	60
95	101
155	161
159	175
156	179
155	161
95	101
58	130
11	60
156	179
155	161
95	101
96	97
11	60
95	101
155	161
11	60
157	159
11	60
95	101
15	61
155	161
63	71
96	97
1	12
155	161
11	60
95	101
1	12
15	61
159	175
96	97
11	60
95	101
1	12
155	161
159	175
96	97
11	60
95	101
1	12
155	161
11	60
1	12
155	161
159	175
95	101
96	97
11	60
95	101
1	12
155	161
159	175
96	97
155	161
58	130
1	12
11	60
159	175
157	159
11	60
95	101
25	30
155	161
159	175
112	120
11	60
95	101
155	161
58	130
96	97
116	122
155	161
95	101
1	12
11	60
155	161
95	101
58	130
11	60
1	12
58	130
11	60
95	101
155	161
63	71
154	175
15	61
95	101
155	161
11	60
154	175
155	161
95	101
11	60
155	161
95	101
11	60
154	175
58	130
11	60
1	12
155	161
156	179
154	175
11	60
95	101
1	12
155	161
156	179
154	175
11	60
95	101
155	161
63	71
156	179
154	175
157	159
11	60
95	101
155	161
159	175
156	179
11	60
95	101
155	161
159	175
156	179
96	97
155	161
154	175
58	120
11	60
155	161
95	101
11	60
154	175
155	161
95	101
11	60
154	175
112	120
11	60
155	168
66	74
155	161
8	12
154	175
155	161
154	175
95	101
11	60
66	74
155	161
154	175
81	140
11	60
66	74
155	161
95	101
96	97
11	60
101	103
155	161
95	101
8	12
11	60
66	74
155	161
96	97
112	120
11	60
95	101
155	161
95	101
63	71
11	60
155	161
95	101
11	60
66	74
155	161
95	101
11	60
154	175
155	161
95	101
11	60
154	175
156	179
11	60
95	101
66	74
155	161
156	179
154	175
11	60
95	101
156	179
66	74
155	161
154	175
11	60
95	101
66	74
155	161
156	179
96	97
155	161
11	60
95	101
66	74
15	61
154	175
155	161
154	175
95	101
11	60
66	74
11	60
95	101
66	74
155	161
63	75
154	175
96	97
15	61
155	161
63	75
11	60
95	101
11	60
95	101
155	161
63	75
154	175
96	97
11	60
95	101
155	161
156	179
154	175
96	97
101	103
58	120
11	60
95	101
155	161
156	179
154	175
101	103
58	120
11	60
95	101
155	161
156	179
154	175
58	120
11	60
95	101
66	74
155	161
156	179
154	175
101	103
58	120
11	60
95	101
66	74
155	161
156	179
96	97
11	60
95	101
155	161
159	175
156	179
96	97
155	161
154	175
11	60
159	175
156	179
154	175
11	60
95	101
155	161
159	175
156	179
155	161
96	97
11	60
159	175
156	179
11	60
50	48
155	161
156	179
154	175
96	97
11	60
95	101
156	179
155	161
50	48
154	175
112	120
11	60
1	12
155	161
159	175
156	179
154	175
96	97
11	60
95	101
155	161
63	75
63	71
156	179
154	175
11	60
1	12
155	161
63	75
154	175
155	161
11	60
50	48
1	12
15	61
63	75
154	175
11	60
95	101
1	12
155	161
154	175
96	97
11	60
95	101
47	71
155	161
63	75
154	175
96	97
11	60
1	12
155	161
63	71
159	175
96	97
11	60
95	101
155	161
63	75
159	175
50	48
153	171
1	12
11	60
81	140
155	161
63	75
159	175
50	48
154	175
96	97
155	161
154	175
96	97
11	60
11	60
50	48
155	161
159	175
156	179
154	175
96	97
11	60
1	12
155	161
8	12
156	179
154	175
96	97
11	60
1	12
155	161
50	48
154	175
96	97
155	161
11	60
15	61
160	162
159	175
156	179
154	175
96	97
154	175
58	120
11	60
50	48
66	74
155	161
157	162
160	162
156	179
155	161
11	60
66	74
15	61
157	162
160	162
156	179
154	175
155	161
11	60
54	74
95	101
66	74
15	61
157	162
160	162
11	60
54	74
1	12
155	161
157	162
160	162
96	97
155	161
11	60
1	12
15	61
157	162
160	162
50	48
154	175
157	159
155	161
11	60
47	71
66	74
15	61
157	162
160	162
154	175
15	61
11	60
47	71
66	74
157	162
155	161
160	162
154	175
96	97
58	120
11	60
66	74
155	161
157	162
160	162
154	175
154	158
58	120
11	60
66	74
155	161
157	162
160	162
154	175
96	97
58	120
11	60
47	71
66	74
155	161
157	162
160	162
159	175
154	175
11	60
66	74
155	161
157	162
160	162
154	175
11	60
66	74
155	161
157	162
160	162
159	175
154	175
11	60
1	12
66	74
155	161
157	162
160	162
159	175
156	179
154	175
112	120
11	60
1	12
66	74
155	161
157	162
160	162
159	175
156	179
11	60
155	161
157	162
160	162
159	175
156	179
112	120
11	60
155	161
157	162
160	162
156	179
154	175
112	120
11	60
155	161
157	162
160	162
156	179
112	120
11	60
155	161
8	12
157	162
160	162
154	175
112	120
11	60
47	71
155	161
157	162
160	162
96	97
155	161
112	120
11	60
47	71
157	162
160	162
156	179
154	175
11	60
47	71
155	161
157	162
160	162
156	179
154	175
96	97
154	158
15	61
11	60
47	71
155	161
157	162
160	162
159	175
154	175
155	161
11	60
1	12
15	61
160	162
159	175
154	175
155	161
164	180
11	60
1	12
15	61
47	61
160	162
159	175
50	48
154	175
15	61
11	60
156	179
1	12
155	161
160	162
159	175
50	48
154	175
155	161
11	60
66	74
15	61
160	162
50	48
154	175
157	159
154	175
156	179
160	162
11	60
155	161
63	75
11	60
160	162
155	161
11	60
66	74
15	61
160	162
11	60
66	74
155	161
63	75
157	162
160	162
154	175
155	161
154	175
66	74
160	162
11	60
11	60
66	74
155	161
8	12
160	162
50	48
96	97
11	60
155	161
160	162
159	175
154	175
96	97
11	60
155	161
160	162
159	175
154	175
155	161
154	175
160	162
159	175
11	60
155	161
154	175
96	97
160	162
11	60
155	161
11	60
66	74
25	30
15	61
160	162
154	175
26	72
66	74
155	161
160	162
159	175
154	175
11	60
11	60
66	74
155	161
160	162
159	175
154	175
155	161
11	60
47	71
66	74
15	61
160	162
154	175
155	161
11	60
47	71
66	74
15	61
50	66
160	162
159	175
154	175
155	161
112	120
11	60
15	61
160	162
159	175
154	175
155	161
112	120
11	60
15	61
160	162
159	175
154	175
15	61
11	60
155	161
160	162
159	175
154	175
112	120
11	60
155	161
160	162
154	175
155	161
112	120
11	60
15	61
47	61
160	162
155	161
15	61
160	162
159	175
155	161
11	60
15	61
160	162
159	175
155	161
11	60
15	61
160	162
159	175
157	159
11	60
47	71
155	161
160	162
159	175
11	60
155	161
160	162
159	175
155	161
11	60
159	175
112	120
11	60
47	71
15	61
155	161
160	162
159	175
154	175
15	61
11	60
155	161
63	71
160	162
159	175
155	161
11	60
15	61
160	162
159	175
156	179
96	97
15	61
155	161
96	97
160	162
156	179
154	175
155	161
47	71
15	61
160	162
159	175
156	179
96	97
15	61
112	120
155	161
160	162
159	175
11	60
15	61
155	161
160	162
159	175
155	161
95	101
160	162
159	175
154	175
155	161
164	180
11	60
95	101
15	61
160	162
159	175
154	175
155	161
11	60
15	61
8	12
160	162
159	175
154	175
15	61
11	60
95	101
155	161
160	162
159	175
154	175
15	61
155	161
160	162
154	175
11	60
155	161
11	60
15	61
160	162
154	175
96	97
155	161
11	60
15	61
63	75
160	162
159	175
96	97
15	61
155	161
160	162
159	175
155	161
11	60
15	61
63	75
160	162
155	161
15	61
159	175
154	175
96	97
155	161
15	61
11	60
159	175
154	175
11	60
155	161
63	75
159	175
154	175
155	161
11	60
63	75
159	175
154	175
15	61
11	60
155	161
63	75
159	175
154	175
15	61
11	60
155	161
63	75
159	175
154	175
96	97
155	161
11	60
95	101
15	61
63	75
157	162
159	175
154	175
15	61
11	60
155	161
63	75
157	162
159	175
96	97
157	159
155	161
11	60
95	101
15	61
63	75
154	175
11	60
155	161
63	75
154	175
11	60
95	101
155	161
154	175
96	97
11	60
95	101
47	71
155	161
63	75
154	175
155	161
11	60
15	61
157	162
159	175
154	175
11	60
1	12
81	140
155	161
154	175
11	60
1	12
155	161
159	175
154	175
156	178
11	60
95	101
47	71
155	161
157	162
159	175
154	175
157	159
11	60
47	71
155	161
154	175
155	161
11	60
159	175
157	159
11	60
155	161
159	175
154	175
155	161
154	175
11	60
11	60
155	161
63	75
63	71
154	175
101	103
11	60
155	161
8	12
63	75
154	175
155	161
154	175
11	60
11	60
1	12
155	161
63	75
159	175
154	175
157	159
11	60
47	71
1	12
155	161
11	60
155	161
63	75
159	175
154	175
157	159
112	120
11	60
47	71
155	161
63	75
159	175
154	175
96	97
11	60
47	71
155	161
154	175
11	60
155	161
159	162
154	175
96	97
112	120
11	60
155	161
63	75
159	175
154	175
11	60
155	161
63	75
154	175
11	60
155	161
63	75
154	175
11	60
95	101
155	161
63	75
154	175
11	60
95	101
155	161
63	75
47	61
154	175
112	120
11	60
95	101
155	161
63	75
47	61
159	175
154	175
96	97
11	60
155	161
157	162
159	175
154	175
96	97
155	161
154	175
11	60
155	161
63	75
154	175
155	161
11	60
95	101
63	75
154	175
155	161
95	101
25	30
47	61
159	175
154	175
96	97
15	61
25	30
155	161
8	12
63	75
159	175
154	175
96	97
11	60
25	30
155	161
63	75
159	175
154	175
95	101
25	30
155	161
159	175
138	142
155	161
95	101
25	30
15	61
63	75
156	179
96	97
15	61
95	101
47	71
25	30
155	161
159	162
159	175
15	61
11	60
95	101
25	30
155	161
159	175
96	97
11	60
95	101
155	161
159	175
155	161
11	60
159	175
112	120
11	60
95	101
155	161
157	162
156	179
11	60
95	101
155	161
96	97
11	60
95	101
155	161
157	162
156	179
154	175
96	97
112	120
11	60
95	101
155	161
157	162
156	179
112	120
11	60
95	101
155	161
157	162
156	179
154	175
96	97
112	120
11	60
156	179
155	161
50	48
154	175
164	180
11	60
95	101
47	71
155	161
50	48
154	175
164	180
11	60
95	101
155	161
50	48
164	180
11	60
155	161
154	175
155	161
164	180
112	120
11	60
95	101
15	61
157	162
50	48
154	175
15	61
164	180
11	60
95	101
155	161
159	175
50	48
154	175
11	60
95	101
155	161
159	175
11	60
95	101
155	161
157	162
47	61
159	175
154	175
101	103
157	159
112	120
11	60
95	101
155	161
159	175
154	175
50	48
112	120
11	60
95	101
155	161
159	175
50	48
154	175
15	61
11	60
95	101
155	161
159	162
160	162
159	175
50	48
154	175
101	103
157	159
11	60
156	179
155	161
63	75
160	162
159	175
50	48
154	175
101	103
112	120
11	60
95	101
155	161
160	162
159	175
154	175
11	60
95	101
25	30
155	161
160	162
159	175
156	179
154	175
96	97
11	60
95	101
155	161
160	162
159	175
154	175
157	159
155	161
11	60
15	42
95	101
47	61
160	162
159	175
154	175
11	60
15	42
95	101
25	30
155	161
160	162
159	175
154	175
155	161
160	162
47	71
155	161
41	48
63	71
160	162
159	175
50	48
154	175
11	60
47	71
155	161
63	71
160	162
50	48
11	60
47	71
155	161
160	162
50	48
154	175
96	97
11	60
95	101
66	74
155	161
8	12
160	162
154	175
11	60
155	161
8	12
160	162
50	48
154	175
11	60
95	101
155	161
8	12
160	162
50	48
154	175
101	103
11	60
155	161
8	12
47	61
160	162
154	175
11	60
155	161
8	12
160	162
159	175
11	60
155	161
160	162
155	161
112	120
11	60
15	61
8	12
160	162
50	48
164	180
11	60
15	61
160	162
159	175
159	164
11	60
160	162
11	60
155	161
160	162
156	179
11	60
95	101
1	12
155	161
8	12
160	162
156	179
164	180
11	60
95	101
155	161
8	12
160	162
156	179
11	60
95	101
155	161
63	71
160	162
159	175
156	179
154	175
164	180
11	60
95	101
155	161
160	162
159	175
156	179
164	180
11	60
155	161
63	71
160	162
159	175
154	175
96	97
155	161
164	180
11	60
47	71
15	61
8	12
160	162
154	175
96	97
154	175
11	60
47	71
155	161
8	12
160	162
156	179
155	161
11	60
15	61
160	162
155	161
11	60
15	61
160	162
159	175
154	175
164	180
11	60
155	161
160	162
159	175
156	179
154	175
11	60
155	161
160	162
159	175
154	175
112	120
11	60
160	162
159	175
22	61
154	175
11	60
155	161
160	162
159	175
154	175
96	97
11	60
155	161
160	162
156	179
154	175
96	97
11	60
81	140
155	161
160	162
156	179
154	175
155	161
11	60
81	140
15	61
160	162
154	175
96	97
112	120
11	60
155	161
160	162
154	175
96	97
11	60
155	161
160	162
159	175
154	175
11	60
81	140
155	161
160	162
159	175
154	175
155	161
154	175
160	162
159	175
11	60
154	175
96	97
160	162
155	161
154	175
160	162
11	60
154	175
11	60
160	162
154	175
96	97
112	120
160	162
11	60
155	161
11	60
81	140
15	61
160	162
101	103
11	60
155	161
160	162
154	175
96	97
101	103
154	175
11	60
160	162
155	161
154	175
101	103
160	162
11	60
11	60
155	161
63	71
160	162
154	175
101	103
155	161
101	103
63	71
160	162
11	60
155	161
47	61
63	71
11	60
160	162
11	60
1	12
66	74
155	161
63	71
160	162
22	61
47	61
101	103
30	63
155	161
11	60
66	74
15	61
160	162
50	48
30	75
42	47
11	60
25	30
66	74
155	161
47	61
160	162
154	175
45	62
15	42
160	162
42	45
42	62
11	60
11	60
160	162
101	103
11	60
92	144
155	161
160	162
31	54
42	45
155	161
11	60
144	147
50	61
41	147
42	45
160	162
154	175
22	144
22	147
11	60
160	162
157	159
11	60
15	71
22	144
160	162
159	175
22	61
154	175
112	120
11	60
135	137
144	147
50	61
155	161
72	144
160	162
159	175
154	175
11	60
61	72
144	147
15	71
31	71
160	162
159	175
154	175
11	60
31	63
15	71
31	71
160	162
159	175
154	175
84	136
11	60
95	101
15	71
31	71
160	162
159	175
154	175
11	60
153	156
15	71
160	162
159	175
154	175
96	97
90	137
160	162
159	175
15	31
133	142
31	63
90	137
15	63
150	158
15	71
155	161
31	71
160	162
15	63
93	132
132	138
63	71
18	76
154	175
18	65
112	120
6	10
150	158
132	138
65	76
18	76
63	71
163	164
154	175
18	65
90	135
24	75
112	120
18	76
18	65
65	76
155	161
5	33
63	71
155	166
168	176
15	71
101	103
18	65
42	62
5	65
33	76
32	175
65	76
5	33
155	166
36	64
5	18
5	76
52	3
32	175
24	75
155	161
82	132
53	63
114	116
132	138
24	75
155	161
26	31
63	71
36	64
96	97
5	167
15	63
162	179
15	71
155	161
63	71
36	64
158	180
24	75
101	128
116	122
15	63
115	119
155	161
63	71
36	64
63	71
104	122
116	122
104	116
158	180
153	161
153	166
10	39
153	161
15	71
10	39
63	71
153	161
15	71
26	31
63	71
24	75
26	31
26	31
24	75
26	31
153	161
15	63
26	31
116	128
116	118
116	128
63	71
1	12
155	168
1	12
1	12
155	168
56	156
56	156
155	168
155	168
155	168
56	156
155	168
56	156
155	168
56	156
26	31
56	156
26	31
56	156
56	156
154	175
116	128
56	156
170	176
56	73
19	56
156	170
116	128
56	156
168	176
56	156
56	179
56	179
56	57
56	57
56	156
56	179
57	179
56	57
56	156
61	72
56	156
56	156
56	156
26	31
61	72
56	156
61	72
56	156
168	176
61	72
61	72
61	72
154	175
61	72
156	165
154	175
156	165
61	72
154	175
154	175
26	31
154	175
26	31
26	31
176	177
156	165
176	177
154	175
176	177
61	72
26	31
154	175
61	72
159	175
156	165
2	96
61	72
159	175
154	175
154	175
61	72
154	175
154	159
61	72
154	175
154	175
61	72
154	175
168	175
154	177
155	176
152	156
152	175
152	156
154	175
159	175
175	177
126	127
61	72
154	175
126	127
155	176
156	164
26	31
154	175
174	175
126	127
61	72
164	174
154	175
164	175
174	175
159	164
152	156
33	76
18	33
159	175
8	25
65	76
18	32
26	31
8	25
22	43
8	25
33	76
22	43
8	25
18	32
22	43
8	25
33	76
120	127
126	127
22	43
8	25
33	121
33	76
76	122
22	43
8	25
170	175
76	122
22	43
8	25
18	32
22	43
22	43
112	120
156	165
22	43
33	76
155	176
22	43
170	176
112	120
156	165
156	165
155	176
156	165
156	165
61	72
43	72
61	72
152	165
170	177
61	72
76	121
170	177
33	76
170	177
43	72
43	72
33	121
33	76
155	176
170	177
115	119
56	67
33	76
61	72
33	121
155	176
61	72
115	119
155	176
170	177
155	176
170	177
155	170
61	72
155	176
33	76
56	67
155	176
156	165
33	76
56	67
170	176
156	165
49	56
170	176
168	176
56	67
155	176
170	176
170	176
33	76
155	176
170	177
155	176
170	176
36	64
155	176
36	56
170	176
155	176
25	30
170	176
43	48
155	176
168	176
152	165
25	30
155	176
154	175
156	165
168	176
152	165
156	165
155	176
154	175
154	175
42	45
100	127
8	30
8	25
25	30
155	168
8	30
61	72
25	30
64	168
8	25
156	165
8	25
154	175
33	76
25	30
64	155
154	175
168	176
156	174
33	122
64	155
154	175
159	175
33	122
164	174
159	175
156	165
154	175
168	176
100	127
154	175
168	176
33	122
154	175
168	176
159	175
154	175
25	30
159	175
154	175
43	61
8	30
22	177
154	175
22	177
152	165
159	175
48	103
154	175
22	177
159	175
48	103
25	46
25	30
8	25
159	175
170	176
154	175
43	61
22	177
25	30
175	176
159	175
154	175
22	177
152	179
25	177
175	176
170	176
154	175
168	176
22	177
19	57
175	176
170	176
154	175
168	176
22	177
116	128
33	73
115	119
76	121
170	176
154	175
168	176
22	177
116	128
175	176
22	177
170	176
154	175
168	176
8	48
168	170
175	176
156	157
168	176
154	175
22	177
8	48
43	61
41	61
61	72
175	176
8	25
22	177
156	165
154	175
168	176
25	48
8	48
61	72
175	176
73	76
154	175
43	61
168	176
61	72
175	176
8	48
168	176
156	165
112	123
154	175
43	61
154	176
22	177
43	72
116	128
33	76
175	176
157	176
154	175
168	176
154	176
153	166
33	76
175	176
157	176
170	176
154	175
168	176
168	170
33	76
175	176
170	175
170	176
154	175
168	176
154	175
43	61
33	76
168	176
22	177
19	57
61	72
175	176
157	176
154	175
43	61
168	176
154	175
153	166
61	72
164	174
157	176
157	168
156	165
164	172
153	174
156	165
154	175
43	61
43	72
96	103
168	177
176	177
154	175
43	61
168	176
33	65
33	76
176	177
43	61
153	165
96	103
155	168
33	65
33	76
61	72
153	156
176	177
155	177
43	61
157	177
26	31
33	76
155	168
153	165
176	177
152	170
43	61
84	136
157	177
26	31
175	177
155	168
61	72
33	76
172	177
157	176
176	177
154	175
43	61
157	177
175	177
155	168
118	128
33	76
103	136
153	165
157	176
176	177
33	60
154	175
155	177
152	170
43	61
33	76
118	128
153	165
132	138
43	54
176	177
172	176
33	65
155	177
154	175
43	61
43	72
54	61
116	118
175	177
136	138
176	177
33	65
118	128
154	175
86	146
152	172
155	168
33	65
54	111
153	165
176	177
152	170
170	172
154	175
26	31
175	177
152	172
152	170
155	168
33	65
155	176
176	177
170	172
154	175
116	128
168	172
116	118
175	177
152	172
155	168
155	176
154	177
116	128
152	170
154	175
168	176
81	144
43	72
175	177
54	109
155	176
54	88
154	175
81	144
88	109
175	177
54	88
31	144
155	176
63	71
159	175
154	175
26	88
88	109
175	177
33	76
33	65
116	144
155	176
63	155
63	170
63	71
154	175
33	76
144	149
170	176
154	175
43	61
33	76
155	176
33	76
155	176
65	76
76	176
168	176
15	63
53	179
155	176
155	179
63	75
43	61
53	155
155	176
53	155
33	76
31	82
168	179
61	72
155	176
153	165
61	72
159	175
43	61
153	165
159	175
155	176
33	70
153	165
155	176
61	72
61	72
20	64
159	175
153	165
61	72
157	168
168	176
20	64
33	76
159	175
20	64
159	175
165	166
61	72
33	70
155	176
33	70
159	175
154	175
168	176
159	175
159	175
64	73
155	176
159	175
154	175
159	175
154	175
159	175
154	175
155	176
64	73
61	72
64	73
155	176
154	175
64	73
157	168
18	64
64	73
155	176
154	175
157	168
154	175
157	168
155	176
18	64
157	168
154	175
154	175
157	168
64	73
18	64
18	64
159	175
152	170
157	168
159	175
18	64
159	175
155	176
64	73
18	64
159	175
64	73
155	176
159	175
152	170
159	175
152	170
155	176
168	176
155	176
18	64
159	175
168	176
159	175
168	176
153	165
159	175
20	64
18	64
64	73
159	175
168	176
20	64
1	12
168	176
159	175
154	175
159	175
154	175
168	176
159	175
154	175
168	176
33	76
159	175
33	76
159	175
154	175
64	73
18	64
168	176
31	128
33	76
159	175
154	175
33	176
36	64
18	64
33	176
154	175
33	76
155	176
33	176
154	175
168	176
33	76
155	176
154	175
168	176
33	76
157	168
159	175
168	176
33	76
159	175
168	176
33	76
159	175
168	176
33	76
159	175
33	176
33	76
159	175
33	176
168	176
33	76
159	175
170	177
33	76
61	72
152	177
159	175
152	170
33	176
154	175
168	176
153	165
159	177
33	76
170	177
154	175
152	170
33	176
152	170
168	176
33	76
18	73
33	176
33	76
155	176
170	177
112	123
168	176
33	76
159	177
18	73
33	76
159	177
33	76
33	176
159	175
112	123
168	176
159	177
33	76
155	176
159	175
31	123
168	176
154	175
168	176
33	76
18	64
159	177
33	76
155	176
18	73
31	123
154	175
168	176
18	64
112	123
168	176
33	76
33	176
64	73
33	76
168	176
168	176
33	76
18	64
112	123
64	73
33	76
33	76
18	64
31	123
64	73
33	76
159	175
154	175
33	76
18	64
159	175
31	123
159	175
112	123
33	76
159	175
112	123
168	176
33	76
159	175
112	123
154	175
159	175
112	123
154	175
153	165
154	175
31	123
120	128
154	175
159	175
112	123
31	120
159	175
112	123
31	120
112	120
159	175
120	123
112	123
112	120
159	175
154	175
31	120
159	175
31	112
120	123
112	120
159	175
31	120
120	123
33	70
154	175
36	64
18	64
31	112
33	70
159	175
120	123
112	120
159	175
31	120
155	176
33	70
168	176
18	73
112	120
112	120
31	120
18	73
112	123
154	175
168	176
168	176
159	175
112	120
33	70
155	176
31	120
157	176
159	175
112	120
31	120
33	70
159	175
31	120
159	175
120	123
112	123
157	168
159	175
112	120
168	176
32	73
31	112
159	175
112	120
32	73
112	120
31	120
32	73
152	177
159	175
168	176
31	112
112	120
31	120
32	73
152	177
159	175
31	112
112	120
168	176
32	73
135	141
159	175
112	120
168	176
32	73
159	175
168	176
112	120
168	176
32	73
159	175
168	176
33	70
71	75
112	120
159	175
155	176
152	177
33	70
78	81
168	176
78	81
168	176
24	75
159	175
36	64
112	120
52	3
18	32
32	73
24	75
152	177
159	175
112	120
18	32
32	73
24	75
159	175
112	120
159	175
18	32
32	73
18	73
33	70
168	176
112	120
159	175
106	115
153	165
32	73
24	75
33	70
112	120
159	175
32	73
33	70
78	81
112	120
61	72
159	175
112	120
32	73
159	175
24	75
32	73
112	120
32	73
112	120
24	75
116	127
112	120
32	73
24	75
159	175
154	175
71	75
159	175
71	75
112	120
126	127
159	175
20	32
112	120
159	175
112	120
86	140
157	168
116	128
112	120
100	127
159	175
126	127
112	120
168	176
159	175
112	120
18	32
24	75
159	175
168	176
24	71
168	176
31	120
112	120
153	165
168	176
112	120
63	105
159	175
112	120
168	176
63	71
159	175
112	120
161	166
36	73
159	175
63	71
168	176
112	120
153	165
24	75
63	71
159	175
36	73
168	176
112	120
157	168
161	166
87	147
31	120
155	176
63	71
159	175
168	176
112	120
157	168
155	176
33	76
87	147
159	175
154	175
87	138
112	120
155	176
24	75
105	113
68	161
159	175
154	175
138	147
112	120
87	138
159	175
168	176
18	36
112	120
24	75
159	175
36	64
168	176
112	120
87	138
24	75
159	175
36	64
168	176
112	120
87	138
24	75
63	75
159	175
154	175
36	64
168	176
24	63
112	120
155	176
106	116
159	175
36	64
168	176
24	75
24	63
112	120
159	175
63	71
33	70
36	64
168	176
18	36
159	175
157	168
24	75
63	75
33	70
36	64
168	176
18	36
153	165
155	176
24	75
36	64
168	176
24	63
18	36
153	165
155	176
24	75
159	175
36	64
168	176
153	165
159	175
78	81
168	176
155	176
24	75
112	120
155	176
24	75
63	71
78	81
154	175
168	176
78	81
168	176
159	175
168	176
155	176
159	175
112	120
153	165
155	176
24	75
159	175
168	176
81	144
24	63
153	165
112	120
31	120
155	176
24	75
168	176
81	144
161	166
24	75
159	175
168	176
162	163
63	75
168	176
116	128
155	176
31	120
63	75
168	176
31	128
162	163
153	165
113	120
159	175
168	176
24	63
162	163
159	175
168	176
81	144
40	57
120	128
19	57
85	104
155	176
63	75
159	175
168	176
161	166
153	165
155	176
92	138
63	75
113	120
159	175
168	176
153	165
155	176
164	174
63	75
31	47
135	137
168	176
159	175
87	147
165	174
155	176
164	165
135	137
162	163
153	165
155	176
24	75
104	115
31	47
153	165
155	176
26	31
153	165
155	176
115	119
164	174
31	47
1	12
153	166
85	104
153	165
155	176
111	136
164	174
31	47
155	176
111	136
164	174
24	75
165	180
155	176
111	136
31	47
157	168
81	111
1	12
155	176
164	174
31	47
81	111
111	136
24	75
31	47
164	174
159	175
81	111
155	176
111	136
24	75
31	47
159	175
81	111
81	136
76	154
155	176
111	136
24	75
31	47
154	175
24	63
81	136
155	176
111	136
31	47
159	175
81	111
76	175
154	175
168	176
81	136
155	176
31	47
33	70
154	175
168	176
61	72
33	70
175	176
31	47
25	46
133	148
155	176
8	25
163	174
159	175
25	30
154	175
25	62
162	163
63	159
31	47
31	76
22	177
53	76
70	152
55	67
159	175
81	111
25	30
164	174
2	62
66	74
154	175
168	176
81	136
45	63
31	152
71	175
25	47
71	76
46	62
25	75
26	175
55	67
62	179
8	2
96	103
109	170
66	74
75	176
1	8
60	75
31	2
81	136
1	45
22	176
47	2
55	67
25	2
8	12
109	170
1	46
38	48
66	74
26	176
54	176
81	111
50	74
1	46
48	74
18	73
31	48
30	38
30	31
30	54
120	128
54	48
30	47
1	46
48	66
25	30
18	73
55	67
43	61
76	152
1	46
61	72
1	12
154	175
31	74
81	144
43	72
1	46
41	54
159	175
156	179
154	175
81	144
43	72
1	46
156	179
15	71
165	176
8	12
154	175
43	61
81	144
88	109
15	61
48	74
81	144
1	46
54	74
159	175
156	179
30	38
43	61
161	176
154	175
168	176
1	46
90	92
15	61
8	12
154	175
168	176
88	109
60	67
11	60
11	60
48	74
8	12
168	176
1	46
48	74
1	46
1	12
15	61
47	61
168	176
78	111
88	109
15	61
81	144
1	46
25	30
8	12
47	61
159	175
78	111
88	109
15	61
78	111
1	46
22	71
7	43
25	30
158	162
47	61
159	175
81	144
48	74
47	61
1	46
168	176
1	46
159	175
168	176
159	164
88	109
22	71
81	144
159	175
61	71
22	71
159	175
22	71
15	61
159	175
156	179
168	176
164	180
8	12
47	61
47	61
8	12
47	61
22	71
88	109
8	12
22	71
22	71
8	12
11	60
159	175
88	109
11	60
159	175
88	109
47	61
159	175
1	12
47	61
159	175
15	61
47	61
88	111
159	175
88	111
159	175
88	111
15	61
47	61
159	175
38	53
15	61
47	2
159	175
81	144
15	61
81	144
38	53
159	175
81	144
47	61
38	53
159	175
159	175
15	61
159	175
81	111
15	61
81	144
31	43
159	175
15	71
15	61
47	2
159	175
15	71
81	144
38	53
159	175
81	144
38	53
159	175
159	175
48	74
159	175
81	144
11	60
159	175
159	175
15	61
48	74
159	175
48	74
11	60
41	72
15	61
159	175
81	144
15	61
159	175
11	60
41	72
81	144
159	175
41	72
88	109
88	109
81	144
159	175
81	144
159	175
88	109
159	175
88	109
88	109
81	144
22	71
90	144
25	48
88	109
81	144
159	175
88	109
31	43
88	109
22	71
81	144
22	71
81	144
159	175
42	47
159	175
159	175
159	175
42	47
81	144
159	175
30	38
81	144
42	47
159	175
88	109
15	61
30	38
42	47
45	62
159	175
42	47
45	62
66	74
15	61
159	175
81	144
38	53
45	62
159	175
66	74
45	62
66	74
159	175
30	38
81	144
38	53
45	62
66	74
159	175
81	144
38	53
15	61
81	144
45	62
66	74
45	62
22	71
66	74
15	61
159	175
81	144
38	53
66	74
38	53
15	61
159	175
81	144
42	47
45	62
90	144
15	61
159	175
168	176
81	144
38	53
81	90
90	144
15	61
159	175
81	144
42	47
15	61
159	175
81	144
81	90
15	61
159	175
81	144
81	90
45	62
22	71
15	61
159	175
81	144
15	61
81	144
81	90
159	175
45	62
15	61
159	175
11	60
22	71
45	62
159	175
90	144
45	62
159	175
45	62
159	175
81	90
45	62
22	71
15	61
159	175
22	71
45	62
159	175
22	71
45	62
159	175
81	90
45	62
22	71
15	61
159	175
81	144
22	71
81	144
45	62
88	109
45	62
15	61
81	144
7	48
45	62
81	144
45	62
47	2
78	111
66	74
45	62
45	62
159	175
66	74
45	62
66	74
159	175
88	109
45	62
159	175
66	74
45	62
66	74
136	147
15	61
159	175
66	74
45	62
159	175
45	62
66	74
159	175
45	62
7	43
66	74
159	175
45	62
7	43
66	74
159	175
7	48
45	62
7	43
66	74
159	175
81	144
7	48
7	43
45	62
159	175
66	74
45	62
22	71
7	43
66	74
15	61
159	175
81	144
45	62
22	71
7	43
25	30
66	74
15	61
159	175
88	109
15	61
7	43
45	62
159	175
66	74
45	62
7	43
66	74
25	30
15	61
159	175
45	62
66	74
25	30
15	61
159	175
30	38
15	61
45	62
66	74
15	61
66	74
45	62
15	61
66	74
30	38
7	43
66	74
159	175
88	109
66	74
159	175
45	62
66	74
66	74
38	53
45	62
159	175
66	74
66	74
159	175
30	38
159	175
48	74
1	12
66	74
159	175
164	180
45	62
1	12
66	74
159	175
81	144
66	74
45	62
159	175
45	62
159	175
88	109
45	62
159	175
66	74
45	62
159	175
45	62
66	74
8	12
25	30
45	62
159	175
66	74
45	62
159	175
45	62
66	74
159	175
45	62
159	175
66	74
45	62
159	175
66	74
45	62
66	74
159	175
15	22
15	22
45	62
159	175
66	74
45	62
15	22
66	74
30	38
45	62
159	175
66	74
45	62
1	12
66	74
159	175
30	38
15	22
45	62
66	74
47	2
159	175
30	38
45	62
66	74
159	175
30	38
15	22
45	62
66	74
159	175
30	38
15	22
30	38
1	12
45	62
159	175
66	74
30	38
45	62
159	175
66	74
1	12
25	30
66	74
159	175
30	38
38	53
7	43
66	74
159	175
30	38
38	53
30	38
7	43
66	74
159	175
159	175
88	109
66	74
38	53
156	179
45	62
88	109
66	74
159	175
88	109
159	175
66	74
66	74
66	74
45	62
15	61
66	74
15	61
163	173
45	62
66	74
15	61
163	173
45	62
66	74
15	61
45	62
163	173
15	61
78	111
163	173
15	61
48	74
15	61
7	43
7	48
15	61
7	43
45	62
15	61
8	12
45	62
168	176
8	12
48	74
165	172
45	62
45	62
48	74
45	62
38	53
48	74
45	62
8	12
163	173
38	53
48	74
15	61
48	74
163	173
15	61
48	74
45	62
163	173
48	74
45	62
48	74
45	62
161	176
45	62
48	74
1	12
45	62
163	173
48	74
1	12
45	62
1	12
45	62
159	175
45	62
48	74
45	62
159	175
88	109
88	109
45	62
159	175
45	62
159	175
48	74
31	43
159	175
42	47
1	12
159	175
88	109
159	175
48	74
45	62
8	12
159	175
45	62
66	74
15	61
47	61
159	175
48	74
48	74
66	74
15	61
8	12
31	43
159	175
48	74
45	62
15	61
8	12
159	175
45	62
15	61
8	12
159	175
78	111
45	62
159	175
30	38
78	111
8	12
48	74
78	111
159	175
48	74
78	111
48	74
31	43
159	175
8	12
48	74
161	176
31	43
48	74
161	176
8	12
48	74
161	176
48	74
47	61
159	175
31	43
48	74
31	43
159	175
109	136
8	12
48	74
31	43
159	175
48	74
159	175
8	12
48	74
45	62
159	175
48	74
42	47
15	61
8	12
159	175
48	74
42	47
45	62
88	136
15	61
8	12
159	175
15	61
8	12
42	47
30	38
159	175
159	175
30	38
42	47
1	12
159	175
42	47
22	71
1	12
66	74
30	38
22	71
1	12
66	74
31	43
159	175
78	111
30	38
1	12
66	74
156	179
45	62
1	12
66	74
159	175
156	179
30	38
45	62
66	74
31	43
159	175
156	179
45	62
66	74
31	43
30	38
88	109
45	62
22	71
66	74
159	175
30	38
31	43
45	62
22	71
31	43
159	175
88	109
45	62
66	74
159	175
30	38
88	109
45	62
66	74
159	175
30	38
66	74
159	175
45	62
66	74
159	175
45	62
88	109
45	62
159	175
66	74
45	62
66	74
31	43
159	175
66	74
45	62
156	179
48	74
45	62
66	74
48	74
66	74
48	74
45	62
156	179
1	12
45	62
66	74
48	74
1	12
45	62
66	74
45	62
66	74
45	62
42	47
45	62
22	71
8	12
63	75
159	175
61	71
22	71
159	175
78	88
42	47
22	71
66	74
31	43
159	175
78	111
159	175
22	71
159	175
66	74
159	175
1	12
159	175
1	12
66	74
159	175
42	47
1	12
159	175
66	74
159	175
42	47
66	74
159	175
42	47
66	74
159	175
66	74
159	175
66	74
159	175
88	109
66	74
159	175
78	111
66	74
159	175
159	175
159	175
66	74
88	109
159	175
90	93
159	175
159	175
15	61
90	93
15	61
164	180
15	61
159	175
90	93
15	61
164	180
159	175
15	61
81	144
66	74
25	30
88	109
78	111
66	74
11	60
25	30
66	74
25	30
66	74
25	30
11	60
45	62
66	74
45	62
159	175
25	30
1	46
66	74
25	30
15	61
159	175
15	61
25	30
45	62
66	74
25	30
15	61
1	46
88	109
15	61
25	30
15	61
78	111
1	46
66	74
1	46
78	111
156	179
48	74
1	46
159	175
66	74
45	62
78	111
48	74
11	60
66	74
15	61
45	62
78	111
25	30
66	74
66	74
66	74
78	111
66	74
52	3
78	111
66	74
66	74
78	111
47	61
66	74
78	111
66	74
78	111
78	111
66	74
66	74
78	111
45	62
66	74
159	175
45	62
42	47
159	175
15	61
42	47
159	175
45	62
159	175
159	175
15	61
22	61
61	71
109	111
78	111
45	62
66	74
15	61
78	88
88	111
15	61
78	111
45	62
78	109
66	74
78	88
109	111
45	62
66	74
8	12
156	179
78	88
88	109
45	62
22	71
8	12
159	175
78	111
22	71
45	62
159	175
156	179
42	47
45	62
22	71
66	74
8	12
156	179
45	62
22	71
66	74
8	12
156	179
66	74
159	175
156	179
66	74
45	62
159	175
156	179
66	74
45	62
159	175
156	179
78	111
66	74
156	179
66	74
88	109
156	179
66	74
15	61
78	111
66	74
66	74
156	179
66	74
136	147
8	12
66	74
136	147
8	12
48	74
1	46
66	74
8	12
66	74
48	74
1	46
78	111
1	46
66	74
8	12
8	12
48	74
78	111
1	46
159	175
1	46
159	175
8	12
88	109
1	46
8	12
1	46
48	74
42	47
1	46
8	12
156	179
1	46
156	179
8	12
1	46
159	175
156	179
48	74
1	46
1	46
41	72
48	74
41	72
88	109
48	74
41	72
88	109
48	74
31	43
48	74
48	74
42	47
1	46
156	179
156	178
48	74
156	178
156	179
48	74
156	178
25	30
156	179
156	179
48	74
45	62
25	30
15	61
156	179
48	74
25	30
156	179
48	74
25	30
48	74
48	74
159	175
154	164
48	74
159	175
48	74
159	175
48	74
31	43
159	175
154	164
48	74
159	175
48	74
30	43
15	61
8	12
159	175
48	74
15	61
8	12
159	175
48	74
42	47
159	175
15	61
48	74
42	47
15	61
42	47
1	46
48	74
48	74
22	71
48	74
1	46
159	175
48	74
1	46
159	175
22	71
48	74
1	46
159	175
48	74
47	61
1	46
159	175
48	74
47	61
159	175
78	111
48	74
47	61
80	146
48	74
78	111
47	61
48	74
1	46
66	74
47	61
78	111
88	109
1	46
159	175
156	179
120	128
1	46
116	120
48	74
31	43
156	179
45	62
48	74
1	46
116	120
66	74
47	61
15	2
80	91
154	175
45	62
1	46
66	74
15	61
47	61
159	175
156	179
154	175
120	128
48	74
116	120
66	74
15	61
8	12
63	75
154	175
78	111
22	42
120	128
30	48
116	120
66	74
25	30
15	61
47	61
48	61
48	2
154	175
164	175
78	111
120	128
22	42
30	75
7	43
66	74
164	174
152	156
47	61
166	180
25	30
154	175
48	63
26	54
70	163
15	63
66	74
154	175
25	61
15	26
48	75
174	176
166	176
178	179
25	31
22	26
159	175
48	72
30	53
11	60
25	53
25	30
26	61
78	111
154	159
30	61
10	176
36	176
66	74
25	46
50	66
103	115
159	175
154	175
78	111
15	63
52	73
150	166
80	82
48	72
154	159
41	72
66	74
103	115
32	52
52	73
150	153
52	73
66	74
150	163
8	12
150	174
41	48
47	61
161	176
103	115
43	72
31	72
103	115
47	61
42	45
22	43
43	72
120	128
25	30
103	115
47	61
22	43
8	32
39	150
25	30
31	72
103	115
22	43
8	32
38	43
31	72
103	115
47	61
159	175
57	59
22	43
40	57
103	115
47	61
44	27
57	59
40	57
10	39
103	115
78	111
8	12
150	174
103	115
57	70
22	61
103	115
97	103
103	115
103	115
150	174
103	115
50	74
2	66
150	166
31	72
106	116
8	12
103	115
47	61
42	45
49	162
22	43
120	121
31	72
103	115
47	61
42	45
22	43
94	119
103	115
78	111
103	115
47	61
78	111
46	2
78	111
19	61
158	173
150	166
103	115
42	45
47	61
47	61
42	45
47	61
47	61
47	61
112	123
47	61
42	45
42	45
47	61
42	62
47	61
47	61
47	61
162	173
162	173
78	88
162	173
78	111
78	88
47	61
47	61
47	61
8	12
38	48
8	12
78	88
38	48
8	12
38	48
8	12
78	88
38	48
8	12
78	88
38	48
8	12
38	48
8	12
38	48
8	12
38	48
8	12
38	48
87	147
38	48
38	48
8	12
112	123
38	48
8	12
38	48
8	12
47	61
38	48
8	12
38	48
8	12
88	109
38	48
8	12
47	61
38	48
47	61
38	48
162	163
38	48
8	12
8	12
38	48
38	48
38	48
136	147
90	147
162	163
38	48
162	163
112	123
8	12
136	147
112	123
112	123
162	163
131	136
136	147
136	147
38	48
136	147
38	48
131	147
112	123
112	123
38	48
38	48
8	12
8	12
38	48
8	12
8	12
78	88
112	123
78	88
88	109
112	123
88	109
112	123
112	123
78	111
88	109
8	12
8	12
8	12
8	12
8	12
88	109
8	12
8	12
88	109
8	12
8	12
8	12
88	109
8	12
8	12
8	12
8	12
8	12
42	45
8	12
8	12
8	12
8	12
8	12
8	12
8	12
131	147
8	12
136	147
8	12
136	147
131	147
8	12
136	147
8	12
8	12
78	111
88	109
88	109
78	88
88	111
63	71
88	109
175	176
8	154
150	166
112	123
154	159
175	176
46	48
154	159
155	176
175	176
46	48
112	123
112	123
112	123
90	92
90	92
90	92
136	147
90	92
90	92
90	92
90	92
90	92
90	92
136	147
112	123
90	92
90	92
90	92
112	123
136	147
90	92
90	92
90	92
90	92
32	68
104	130
112	123
90	92
90	92
162	173
90	92
87	147
112	123
90	92
112	123
90	92
112	123
90	92
104	130
112	123
112	123
90	92
88	109
90	92
90	92
112	123
90	92
112	123
112	123
90	92
87	136
112	123
87	136
90	92
112	123
90	92
131	147
131	147
90	92
87	147
131	147
90	92
87	147
131	147
90	92
87	147
87	147
90	92
87	147
90	92
87	147
90	92
90	92
90	92
87	136
90	92
90	92
90	92
90	92
90	92
90	92
90	92
90	92
90	92
90	92
90	92
90	92
90	92
88	109
90	92
90	92
90	92
112	127
136	147
112	123
136	147
112	123
90	92
90	92
112	123
112	127
112	123
112	123
136	147
88	109
112	123
112	123
95	120
120	122
120	122
123	127
78	111
101	103
101	103
94	100
101	103
136	144
81	136
136	144
81	144
51	130
51	126
101	103
51	126
126	130
106	130
51	130
100	144
58	130
104	105
120	144
85	104
136	144
51	126
126	130
138	139
51	130
104	105
120	144
8	12
51	130
122	126
137	141
116	130
100	120
130	139
86	146
119	120
8	12
119	142
125	142
119	142
8	12
106	111
82	149
82	149
78	106
88	109
168	175
8	12
88	109
